TENSOR blk.0.attn_qkv.weight input=2560 output=10240
PARITY PASS cases=168 float_comparisons=492216 original_weight_bytes=21504000
DEVICE_ALLOCATED_WITH_GRAPHS bytes=1331167232
round,order,warps_per_cta,milliseconds_per_projection
0,0,1,0.027423499
0,1,2,0.027872000
0,2,4,0.027152000
0,3,8,0.027472001
1,0,8,0.027243000
1,1,4,0.026880000
1,2,2,0.027600000
1,3,1,0.026992001
2,0,1,0.027408000
2,1,2,0.027968001
2,2,4,0.027184000
2,3,8,0.027504001
3,0,8,0.027200000
3,1,4,0.026928000
3,2,2,0.027600000
3,3,1,0.027008001
4,0,1,0.027248001
4,1,2,0.027807999
4,2,4,0.027052499
4,3,8,0.027344000
5,0,8,0.027392000
5,1,4,0.027039999
5,2,2,0.027791999
5,3,1,0.027295999
6,0,1,0.027279999
6,1,2,0.027791999
6,2,4,0.027264001
6,3,8,0.027373999
7,0,8,0.027404500
7,1,4,0.027104000
7,2,2,0.028125500
7,3,1,0.027373999
8,0,1,0.027360000
8,1,2,0.027840000
8,2,4,0.027470000
8,3,8,0.027760001
9,0,8,0.027408000
9,1,4,0.027071999
9,2,2,0.028142000
9,3,1,0.027647501
10,0,1,0.027360000
10,1,2,0.028128000
10,2,4,0.027339000
10,3,8,0.027648000
