TENSOR blk.0.ssm_out.weight input=6144 output=2560
PARITY PASS cases=168 float_comparisons=123576 original_weight_bytes=12902400
DEVICE_ALLOCATED_WITH_GRAPHS bytes=1322778624
round,order,warps_per_cta,milliseconds_per_projection
0,0,1,0.016480001
0,1,2,0.017968001
0,2,4,0.017920000
0,3,8,0.017856000
1,0,8,0.017835001
1,1,4,0.017888000
1,2,2,0.017904000
1,3,1,0.016416000
2,0,1,0.016464001
2,1,2,0.017966500
2,2,4,0.017904000
2,3,8,0.017856000
3,0,8,0.017904000
3,1,4,0.017872000
3,2,2,0.017952001
3,3,1,0.016492501
4,0,1,0.016656000
4,1,2,0.018285999
4,2,4,0.018144000
4,3,8,0.018160000
5,0,8,0.018176001
5,1,4,0.018160000
5,2,2,0.018304000
5,3,1,0.016636500
6,0,1,0.016654501
6,1,2,0.018266501
6,2,4,0.018160000
6,3,8,0.018144000
7,0,8,0.018160000
7,1,4,0.018160000
7,2,2,0.018288000
7,3,1,0.016652500
8,0,1,0.016666001
8,1,2,0.018495999
8,2,4,0.018416001
8,3,8,0.018400000
9,0,8,0.018400000
9,1,4,0.018382501
9,2,2,0.018576000
9,3,1,0.016907001
10,0,1,0.016927499
10,1,2,0.018592000
10,2,4,0.018428000
10,3,8,0.018432001
