TENSOR blk.1.attn_gate.weight input=2560 output=6144
PARITY PASS cases=168 float_comparisons=295608 original_weight_bytes=12902400
DEVICE_ALLOCATED_WITH_GRAPHS bytes=1322778624
round,order,warps_per_cta,milliseconds_per_projection
0,0,1,0.017339000
0,1,2,0.018704001
0,2,4,0.017312000
0,3,8,0.017567500
1,0,8,0.017568000
1,1,4,0.017312000
1,2,2,0.018748499
1,3,1,0.017279999
2,0,1,0.017279999
2,1,2,0.018719999
2,2,4,0.017295999
2,3,8,0.017580500
3,0,8,0.017599501
3,1,4,0.017323000
3,2,2,0.018704001
3,3,1,0.017275499
4,0,1,0.017279999
4,1,2,0.018701000
4,2,4,0.017328000
4,3,8,0.017597500
5,0,8,0.017568000
5,1,4,0.017312000
5,2,2,0.018698500
5,3,1,0.017279999
6,0,1,0.017408000
6,1,2,0.018800000
6,2,4,0.017376000
6,3,8,0.017664000
7,0,8,0.017664000
7,1,4,0.017360000
7,2,2,0.018766999
7,3,1,0.017389501
8,0,1,0.017388999
8,1,2,0.018794499
8,2,4,0.017376000
8,3,8,0.017676000
9,0,8,0.017664000
9,1,4,0.017376000
9,2,2,0.018800000
9,3,1,0.017327501
10,0,1,0.017388999
10,1,2,0.018781500
10,2,4,0.017392000
10,3,8,0.017616000
