TENSOR blk.3.attn_k.weight input=2560 output=512
PARITY PASS cases=168 float_comparisons=25272 original_weight_bytes=1075200
DEVICE_ALLOCATED_WITH_GRAPHS bytes=1308098560
round,order,warps_per_cta,milliseconds_per_projection
0,0,1,0.003676000
0,1,2,0.004400000
0,2,4,0.004509500
0,3,8,0.004256000
1,0,8,0.004512000
1,1,4,0.004496000
1,2,2,0.004384000
1,3,1,0.003229000
2,0,1,0.003228500
2,1,2,0.004400000
2,2,4,0.004494500
2,3,8,0.004267000
3,0,8,0.004608000
3,1,4,0.004480000
3,2,2,0.004384000
3,3,1,0.003248000
4,0,1,0.003259000
4,1,2,0.004384000
4,2,4,0.004480000
4,3,8,0.004256000
5,0,8,0.004271500
5,1,4,0.004496000
5,2,2,0.004399000
5,3,1,0.003246000
6,0,1,0.003248000
6,1,2,0.004384000
6,2,4,0.004496000
6,3,8,0.004266500
7,0,8,0.004256000
7,1,4,0.004496000
7,2,2,0.004384000
7,3,1,0.003248000
8,0,1,0.003247000
8,1,2,0.004384000
8,2,4,0.004491500
8,3,8,0.004256000
9,0,8,0.004270500
9,1,4,0.004496000
9,2,2,0.004384000
9,3,1,0.003248000
10,0,1,0.003246000
10,1,2,0.004384000
10,2,4,0.004480000
10,3,8,0.004256000
