TENSOR blk.2.ffn_up_shexp.weight input=2560 output=640
PARITY PASS cases=168 float_comparisons=31416 original_weight_bytes=1344000
DEVICE_ALLOCATED_WITH_GRAPHS bytes=1308098560
round,order,warps_per_cta,milliseconds_per_projection
0,0,1,0.003376000
0,1,2,0.004352000
0,2,4,0.004416000
0,3,8,0.004459000
1,0,8,0.004448000
1,1,4,0.004416000
1,2,2,0.004367000
1,3,1,0.003328000
2,0,1,0.003311000
2,1,2,0.004352000
2,2,4,0.004416000
2,3,8,0.004448000
3,0,8,0.004444500
3,1,4,0.004416000
3,2,2,0.004350500
3,3,1,0.003279500
4,0,1,0.003312000
4,1,2,0.004352000
4,2,4,0.004384000
4,3,8,0.004448000
5,0,8,0.004432000
5,1,4,0.004416000
5,2,2,0.004336000
5,3,1,0.003312000
6,0,1,0.003274500
6,1,2,0.004320000
6,2,4,0.004432000
6,3,8,0.004446500
7,0,8,0.004432000
7,1,4,0.004416000
7,2,2,0.004352000
7,3,1,0.003306500
8,0,1,0.003309500
8,1,2,0.004348000
8,2,4,0.004416000
8,3,8,0.004432000
9,0,8,0.004443500
9,1,4,0.004416000
9,2,2,0.004352000
9,3,1,0.003328000
10,0,1,0.003311000
10,1,2,0.004352000
10,2,4,0.004415000
10,3,8,0.004432000
