TENSOR blk.31.attn_q.weight input=2560 output=12288
PARITY PASS cases=168 float_comparisons=590520 original_weight_bytes=25804800
DEVICE_ALLOCATED_WITH_GRAPHS bytes=1335361536
round,order,warps_per_cta,milliseconds_per_projection
0,0,1,0.031727999
0,1,2,0.032512002
0,2,4,0.033087999
0,3,8,0.033312000
1,0,8,0.033503499
1,1,4,0.032763001
1,2,2,0.032720000
1,3,1,0.031520002
2,0,1,0.031263500
2,1,2,0.032528002
2,2,4,0.033194501
2,3,8,0.033744000
3,0,8,0.034159999
3,1,4,0.033696000
3,2,2,0.033551998
3,3,1,0.032671999
4,0,1,0.032634500
4,1,2,0.033567999
4,2,4,0.033742499
4,3,8,0.034240000
5,0,8,0.034256000
5,1,4,0.033728000
5,2,2,0.033567999
5,3,1,0.032623999
6,0,1,0.032671999
6,1,2,0.033373501
6,2,4,0.033712000
6,3,8,0.034208000
7,0,8,0.034240000
7,1,4,0.033725500
7,2,2,0.033502501
7,3,1,0.032512002
8,0,1,0.032480001
8,1,2,0.033535998
8,2,4,0.033647999
8,3,8,0.034079999
9,0,8,0.033787001
9,1,4,0.033248000
9,2,2,0.033424001
9,3,1,0.032623999
10,0,1,0.032591999
10,1,2,0.033344001
10,2,4,0.033675000
10,3,8,0.034235001
