PARITY PASS cases=168 float_comparisons=6021840 original_weight_bytes=521472000
round,order,rows_per_cta,milliseconds_per_head
0,0,1,0.585713983
0,1,2,0.616064012
0,2,4,0.679040015
0,3,8,1.060096025
1,0,8,1.033856034
1,1,4,0.714367986
1,2,2,0.646911979
1,3,1,0.604735970
2,0,1,0.603519976
2,1,2,0.656063974
2,2,4,0.737792015
2,3,8,1.065906048
3,0,8,1.047104001
3,1,4,0.714035988
3,2,2,0.640128016
3,3,1,0.602414012
4,0,1,0.605239987
4,1,2,0.657786012
4,2,4,0.737533987
4,3,8,1.068910003
5,0,8,1.063421965
5,1,4,0.724031985
5,2,2,0.645503998
5,3,1,0.602555990
6,0,1,0.604219973
6,1,2,0.655232012
6,2,4,0.741887987
6,3,8,1.069427967
7,0,8,1.050495982
7,1,4,0.716672003
7,2,2,0.642413974
7,3,1,0.600704014
8,0,1,0.607807994
8,1,2,0.652351975
8,2,4,0.740159988
8,3,8,1.072747946
9,0,8,1.072576046
9,1,4,0.727339983
9,2,2,0.649919987
9,3,1,0.604416013
10,0,1,0.609784007
10,1,2,0.654847980
10,2,4,0.738089979
10,3,8,1.073215961
