TENSOR blk.16.attn_qkv.weight input=2560 output=10240
PARITY PASS cases=56 float_comparisons=164072 original_weight_bytes=21504000
DEVICE_ALLOCATED_WITH_GRAPHS bytes=1331167232
round,order,reference_or_integrated,milliseconds_per_projection
0,0,1,0.027600000
0,1,4,0.027168000
1,0,4,0.027168000
1,1,1,0.027152000
2,0,1,0.027148001
2,1,4,0.027166501
3,0,4,0.027179001
3,1,1,0.027136000
4,0,1,0.027136000
4,1,4,0.027168000
5,0,4,0.027152000
5,1,1,0.027152000
6,0,1,0.027148999
6,1,4,0.027152000
7,0,4,0.027152000
7,1,1,0.027148500
8,0,1,0.027152000
8,1,4,0.027163001
9,0,4,0.027168000
9,1,1,0.027147500
10,0,1,0.027696000
10,1,4,0.027791999
