TENSOR blk.25.attn_qkv.weight input=2560 output=10240
PARITY PASS cases=56 float_comparisons=164072 original_weight_bytes=21504000
DEVICE_ALLOCATED_WITH_GRAPHS bytes=1331167232
round,order,reference_or_integrated,milliseconds_per_projection
0,0,1,0.027184000
0,1,4,0.027035000
1,0,4,0.027024001
1,1,1,0.027152000
2,0,1,0.027136000
2,1,4,0.027021000
3,0,4,0.027004000
3,1,1,0.027120000
4,0,1,0.027135501
4,1,4,0.027021499
5,0,4,0.027024001
5,1,1,0.027120000
6,0,1,0.027150000
6,1,4,0.027071999
7,0,4,0.026992001
7,1,1,0.027148999
8,0,1,0.027136000
8,1,4,0.027039999
9,0,4,0.027246000
9,1,1,0.027694000
10,0,1,0.027728001
10,1,4,0.027261000
