TENSOR blk.18.attn_qkv.weight input=2560 output=10240
PARITY PASS cases=56 float_comparisons=164072 original_weight_bytes=21504000
DEVICE_ALLOCATED_WITH_GRAPHS bytes=1331167232
round,order,reference_or_integrated,milliseconds_per_projection
0,0,1,0.027551500
0,1,4,0.027024001
1,0,4,0.027050501
1,1,1,0.027120000
2,0,1,0.027152000
2,1,4,0.026976001
3,0,4,0.027488001
3,1,1,0.027117999
4,0,1,0.027136000
4,1,4,0.027020499
5,0,4,0.026992001
5,1,1,0.027136000
6,0,1,0.027279999
6,1,4,0.027104000
7,0,4,0.027104000
7,1,1,0.027309000
8,0,1,0.027327999
8,1,4,0.027088000
9,0,4,0.027085500
9,1,1,0.027327999
10,0,1,0.027311999
10,1,4,0.027120000
