TENSOR blk.28.attn_qkv.weight input=2560 output=10240
PARITY PASS cases=56 float_comparisons=164072 original_weight_bytes=21504000
DEVICE_ALLOCATED_WITH_GRAPHS bytes=1331167232
round,order,reference_or_integrated,milliseconds_per_projection
0,0,1,0.027184000
0,1,4,0.027023500
1,0,4,0.027024001
1,1,1,0.027152000
2,0,1,0.027152000
2,1,4,0.027008001
3,0,4,0.027039999
3,1,1,0.027136000
4,0,1,0.027136000
4,1,4,0.027024001
5,0,4,0.027055001
5,1,1,0.027131001
6,0,1,0.027152000
6,1,4,0.027168000
7,0,4,0.027194999
7,1,1,0.027519999
8,0,1,0.027535999
8,1,4,0.027184000
9,0,4,0.027184000
9,1,1,0.027519999
10,0,1,0.027535999
10,1,4,0.027168000
