TENSOR blk.6.attn_qkv.weight input=2560 output=10240
PARITY PASS cases=56 float_comparisons=164072 original_weight_bytes=21504000
DEVICE_ALLOCATED_WITH_GRAPHS bytes=1331167232
round,order,reference_or_integrated,milliseconds_per_projection
0,0,1,0.027184000
0,1,4,0.027279999
1,0,4,0.027008001
1,1,1,0.027164500
2,0,1,0.027152000
2,1,4,0.027024001
3,0,4,0.027024001
3,1,1,0.027136000
4,0,1,0.027152000
4,1,4,0.026991500
5,0,4,0.026990000
5,1,1,0.027151501
6,0,1,0.027117999
6,1,4,0.027004000
7,0,4,0.027034000
7,1,1,0.027120000
8,0,1,0.027134500
8,1,4,0.026976001
9,0,4,0.027039999
9,1,1,0.027136000
10,0,1,0.027133999
10,1,4,0.027005499
