TENSOR blk.2.attn_qkv.weight input=2560 output=10240
PARITY PASS cases=56 float_comparisons=164072 original_weight_bytes=21504000
DEVICE_ALLOCATED_WITH_GRAPHS bytes=1331167232
round,order,reference_or_integrated,milliseconds_per_projection
0,0,1,0.027438000
0,1,4,0.027168000
1,0,4,0.027596001
1,1,1,0.027551999
2,0,1,0.027184000
2,1,4,0.027227500
3,0,4,0.027200000
3,1,1,0.027226999
4,0,1,0.027184000
4,1,4,0.027229000
5,0,4,0.027198000
5,1,1,0.027216000
6,0,1,0.027248001
6,1,4,0.027295999
7,0,4,0.027274501
7,1,1,0.027264001
8,0,1,0.027264001
8,1,4,0.027279999
9,0,4,0.027279999
9,1,1,0.027259000
10,0,1,0.027261499
10,1,4,0.027279500
