TENSOR blk.22.attn_qkv.weight input=2560 output=10240
PARITY PASS cases=56 float_comparisons=164072 original_weight_bytes=21504000
DEVICE_ALLOCATED_WITH_GRAPHS bytes=1331167232
round,order,reference_or_integrated,milliseconds_per_projection
0,0,1,0.027152000
0,1,4,0.027039999
1,0,4,0.027024001
1,1,1,0.027146500
2,0,1,0.027136000
2,1,4,0.027008001
3,0,4,0.027008001
3,1,1,0.027133500
4,0,1,0.027136000
4,1,4,0.026992001
5,0,4,0.026976001
5,1,1,0.027136000
6,0,1,0.027132500
6,1,4,0.026991000
7,0,4,0.027006499
7,1,1,0.027136000
8,0,1,0.027136000
8,1,4,0.027008001
9,0,4,0.027183499
9,1,1,0.027712001
10,0,1,0.027696000
10,1,4,0.027244501
