TENSOR blk.37.attn_qkv.weight input=2560 output=10240
PARITY PASS cases=56 float_comparisons=164072 original_weight_bytes=21504000
DEVICE_ALLOCATED_WITH_GRAPHS bytes=1331167232
round,order,reference_or_integrated,milliseconds_per_projection
0,0,1,0.027200000
0,1,4,0.027055999
1,0,4,0.027022000
1,1,1,0.027152000
2,0,1,0.027136000
2,1,4,0.027039999
3,0,4,0.027008001
3,1,1,0.027120000
4,0,1,0.027152000
4,1,4,0.027071999
5,0,4,0.027019501
5,1,1,0.027136000
6,0,1,0.027148500
6,1,4,0.027005499
7,0,4,0.027008001
7,1,1,0.027136000
8,0,1,0.027136000
8,1,4,0.027136000
9,0,4,0.027264001
9,1,1,0.027952000
10,0,1,0.027712001
10,1,4,0.027263001
