TENSOR blk.25.attn_qkv.weight input=2560 output=10240
PARITY PASS cases=56 float_comparisons=164072 original_weight_bytes=21504000
DEVICE_ALLOCATED_WITH_GRAPHS bytes=1331167232
round,order,reference_or_integrated,milliseconds_per_projection
0,0,1,0.027600000
0,1,4,0.027584000
1,0,4,0.027581999
1,1,1,0.027548499
2,0,1,0.027419999
2,1,4,0.027164500
3,0,4,0.027519500
3,1,1,0.027565001
4,0,1,0.027152000
4,1,4,0.027136000
5,0,4,0.027163001
5,1,1,0.027551999
6,0,1,0.027708000
6,1,4,0.027888000
7,0,4,0.027456000
7,1,1,0.027696000
8,0,1,0.027435999
8,1,4,0.027451999
9,0,4,0.027440000
9,1,1,0.027456000
10,0,1,0.027760001
10,1,4,0.027723501
