TENSOR blk.20.attn_qkv.weight input=2560 output=10240
PARITY PASS cases=56 float_comparisons=164072 original_weight_bytes=21504000
DEVICE_ALLOCATED_WITH_GRAPHS bytes=1331167232
round,order,reference_or_integrated,milliseconds_per_projection
0,0,1,0.027546000
0,1,4,0.027408000
1,0,4,0.027136000
1,1,1,0.027133500
2,0,1,0.027120000
2,1,4,0.027163001
3,0,4,0.027152000
3,1,1,0.027104000
4,0,1,0.027147500
4,1,4,0.027152000
5,0,4,0.027551999
5,1,1,0.027152000
6,0,1,0.027311999
6,1,4,0.027595500
7,0,4,0.027327999
7,1,1,0.027295999
8,0,1,0.027295999
8,1,4,0.027311999
9,0,4,0.027327999
9,1,1,0.027326999
10,0,1,0.027307000
10,1,4,0.027326500
