TENSOR blk.0.attn_qkv.weight input=2560 output=10240
PARITY PASS cases=56 float_comparisons=164072 original_weight_bytes=21504000
DEVICE_ALLOCATED_WITH_GRAPHS bytes=1331167232
round,order,reference_or_integrated,milliseconds_per_projection
0,0,1,0.027567999
0,1,4,0.027279999
1,0,4,0.027021000
1,1,1,0.027150000
2,0,1,0.027152000
2,1,4,0.027003000
3,0,4,0.027024001
3,1,1,0.027132500
4,0,1,0.027152000
4,1,4,0.027071999
5,0,4,0.027037000
5,1,1,0.027162500
6,0,1,0.027148001
6,1,4,0.027024001
7,0,4,0.027101500
7,1,1,0.027311999
8,0,1,0.027324000
8,1,4,0.027071999
9,0,4,0.027104000
9,1,1,0.027327999
10,0,1,0.027326500
10,1,4,0.027104000
