TENSOR blk.9.attn_qkv.weight input=2560 output=10240
PARITY PASS cases=56 float_comparisons=164072 original_weight_bytes=21504000
DEVICE_ALLOCATED_WITH_GRAPHS bytes=1331167232
round,order,reference_or_integrated,milliseconds_per_projection
0,0,1,0.027195500
0,1,4,0.027152000
1,0,4,0.027136000
1,1,1,0.027168000
2,0,1,0.027150501
2,1,4,0.027136000
3,0,4,0.027152000
3,1,1,0.027104000
4,0,1,0.027151000
4,1,4,0.027136000
5,0,4,0.027136000
5,1,1,0.027136000
6,0,1,0.027136000
6,1,4,0.027152000
7,0,4,0.027152000
7,1,1,0.027119501
8,0,1,0.027216000
8,1,4,0.027791001
9,0,4,0.027791999
9,1,1,0.027821001
10,0,1,0.027791999
10,1,4,0.027807999
