TENSOR blk.2.attn_qkv.weight input=2560 output=10240
PARITY PASS cases=56 float_comparisons=164072 original_weight_bytes=21504000
DEVICE_ALLOCATED_WITH_GRAPHS bytes=1331167232
round,order,reference_or_integrated,milliseconds_per_projection
0,0,1,0.027200000
0,1,4,0.026992001
1,0,4,0.027036000
1,1,1,0.027152000
2,0,1,0.027152000
2,1,4,0.027035501
3,0,4,0.027023001
3,1,1,0.027168000
4,0,1,0.027164500
4,1,4,0.027039999
5,0,4,0.027024001
5,1,1,0.027120000
6,0,1,0.027136000
6,1,4,0.027053500
7,0,4,0.027039999
7,1,1,0.027120000
8,0,1,0.027130499
8,1,4,0.027024001
9,0,4,0.027247000
9,1,1,0.027712001
10,0,1,0.027706500
10,1,4,0.027248001
