TENSOR blk.36.attn_qkv.weight input=2560 output=10240
PARITY PASS cases=56 float_comparisons=164072 original_weight_bytes=21504000
DEVICE_ALLOCATED_WITH_GRAPHS bytes=1331167232
round,order,reference_or_integrated,milliseconds_per_projection
0,0,1,0.027438501
0,1,4,0.027200000
1,0,4,0.027152000
1,1,1,0.027135501
2,0,1,0.027136000
2,1,4,0.027840000
3,0,4,0.027136000
3,1,1,0.027135000
4,0,1,0.027117001
4,1,4,0.027133500
5,0,4,0.027148500
5,1,1,0.027535999
6,0,1,0.027120000
6,1,4,0.027136000
7,0,4,0.027152000
7,1,1,0.027120000
8,0,1,0.027134500
8,1,4,0.027136000
9,0,4,0.027152000
9,1,1,0.027120000
10,0,1,0.027118500
10,1,4,0.027152000
