TENSOR blk.8.attn_qkv.weight input=2560 output=10240
PARITY PASS cases=56 float_comparisons=164072 original_weight_bytes=21504000
DEVICE_ALLOCATED_WITH_GRAPHS bytes=1331167232
round,order,reference_or_integrated,milliseconds_per_projection
0,0,1,0.027200000
0,1,4,0.027020499
1,0,4,0.027039500
1,1,1,0.027136000
2,0,1,0.027152000
2,1,4,0.027023001
3,0,4,0.026991000
3,1,1,0.027120000
4,0,1,0.027151000
4,1,4,0.027018500
5,0,4,0.027008001
5,1,1,0.027146000
6,0,1,0.027152000
6,1,4,0.027008001
7,0,4,0.026976001
7,1,1,0.027133500
8,0,1,0.027389500
8,1,4,0.027232001
9,0,4,0.027231000
9,1,1,0.027728001
10,0,1,0.027694499
10,1,4,0.027291499
