TENSOR blk.0.attn_qkv.weight input=2560 output=10240
PARITY PASS cases=56 float_comparisons=164072 original_weight_bytes=21504000
DEVICE_ALLOCATED_WITH_GRAPHS bytes=1331167232
round,order,reference_or_integrated,milliseconds_per_projection
0,0,1,0.027071999
0,1,4,0.027024001
1,0,4,0.027024001
1,1,1,0.027006499
2,0,1,0.027024001
2,1,4,0.027055999
3,0,4,0.027024001
3,1,1,0.027039999
4,0,1,0.026992001
4,1,4,0.027008001
5,0,4,0.027024001
5,1,1,0.027052000
6,0,1,0.027006000
6,1,4,0.027023500
7,0,4,0.027024001
7,1,1,0.027008001
8,0,1,0.027022500
8,1,4,0.027440000
9,0,4,0.027456000
9,1,1,0.027436500
10,0,1,0.027440000
10,1,4,0.027440000
