TENSOR blk.8.attn_qkv.weight input=2560 output=10240
PARITY PASS cases=56 float_comparisons=164072 original_weight_bytes=21504000
DEVICE_ALLOCATED_WITH_GRAPHS bytes=1331167232
round,order,reference_or_integrated,milliseconds_per_projection
0,0,1,0.027200000
0,1,4,0.027424000
1,0,4,0.027152000
1,1,1,0.027152000
2,0,1,0.027136000
2,1,4,0.027133999
3,0,4,0.027147500
3,1,1,0.027132999
4,0,1,0.027136000
4,1,4,0.027166000
5,0,4,0.027152000
5,1,1,0.027104000
6,0,1,0.027135501
6,1,4,0.027418500
7,0,4,0.027789500
7,1,1,0.027775999
8,0,1,0.027804499
8,1,4,0.027789500
9,0,4,0.027807999
9,1,1,0.027786501
10,0,1,0.027775999
10,1,4,0.027824000
