TENSOR blk.20.attn_qkv.weight input=2560 output=10240
PARITY PASS cases=56 float_comparisons=164072 original_weight_bytes=21504000
DEVICE_ALLOCATED_WITH_GRAPHS bytes=1331167232
round,order,reference_or_integrated,milliseconds_per_projection
0,0,1,0.027567999
0,1,4,0.027006499
1,0,4,0.027018500
1,1,1,0.027136000
2,0,1,0.027136000
2,1,4,0.027019501
3,0,4,0.027038001
3,1,1,0.027120000
4,0,1,0.027152000
4,1,4,0.027023001
5,0,4,0.027018500
5,1,1,0.027148500
6,0,1,0.027279999
6,1,4,0.027387500
7,0,4,0.027071999
7,1,1,0.027311999
8,0,1,0.027311999
8,1,4,0.027118500
9,0,4,0.027104000
9,1,1,0.027311999
10,0,1,0.027327999
10,1,4,0.027116001
