TENSOR blk.22.attn_qkv.weight input=2560 output=10240
PARITY PASS cases=56 float_comparisons=164072 original_weight_bytes=21504000
DEVICE_ALLOCATED_WITH_GRAPHS bytes=1331167232
round,order,reference_or_integrated,milliseconds_per_projection
0,0,1,0.027551999
0,1,4,0.027421501
1,0,4,0.027136000
1,1,1,0.027392000
2,0,1,0.027136000
2,1,4,0.027168000
3,0,4,0.027165500
3,1,1,0.027120000
4,0,1,0.027133500
4,1,4,0.027136000
5,0,4,0.027551999
5,1,1,0.027408000
6,0,1,0.027120000
6,1,4,0.027136000
7,0,4,0.027151501
7,1,1,0.027115000
8,0,1,0.027136000
8,1,4,0.027184000
9,0,4,0.027728001
9,1,1,0.027791999
10,0,1,0.027771501
10,1,4,0.028240001
