TENSOR blk.4.attn_qkv.weight input=2560 output=10240
PARITY PASS cases=56 float_comparisons=164072 original_weight_bytes=21504000
DEVICE_ALLOCATED_WITH_GRAPHS bytes=1331167232
round,order,reference_or_integrated,milliseconds_per_projection
0,0,1,0.027210500
0,1,4,0.027184000
1,0,4,0.027120000
1,1,1,0.027184000
2,0,1,0.027168000
2,1,4,0.027184000
3,0,4,0.027136000
3,1,1,0.027231000
4,0,1,0.027120000
4,1,4,0.027179999
5,0,4,0.027163999
5,1,1,0.027136000
6,0,1,0.027504001
6,1,4,0.027148500
7,0,4,0.027456000
7,1,1,0.027696000
8,0,1,0.027725000
8,1,4,0.027744001
9,0,4,0.027744001
9,1,1,0.027722999
10,0,1,0.027726000
10,1,4,0.027741499
