TENSOR blk.40.attn_qkv.weight input=2560 output=10240
PARITY PASS cases=56 float_comparisons=164072 original_weight_bytes=21504000
DEVICE_ALLOCATED_WITH_GRAPHS bytes=1331167232
round,order,reference_or_integrated,milliseconds_per_projection
0,0,1,0.027260000
0,1,4,0.027071999
1,0,4,0.027024001
1,1,1,0.027216000
2,0,1,0.027424000
2,1,4,0.027055999
3,0,4,0.027039999
3,1,1,0.027196500
4,0,1,0.027199499
4,1,4,0.027167000
5,0,4,0.027039999
5,1,1,0.027293000
6,0,1,0.027248001
6,1,4,0.027055999
7,0,4,0.027071999
7,1,1,0.027276499
8,0,1,0.027200000
8,1,4,0.027115000
9,0,4,0.027024001
9,1,1,0.027216000
10,0,1,0.027279999
10,1,4,0.027039999
