TENSOR blk.9.attn_qkv.weight input=2560 output=10240
PARITY PASS cases=56 float_comparisons=164072 original_weight_bytes=21504000
DEVICE_ALLOCATED_WITH_GRAPHS bytes=1331167232
round,order,reference_or_integrated,milliseconds_per_projection
0,0,1,0.027194999
0,1,4,0.027018500
1,0,4,0.027024001
1,1,1,0.027136000
2,0,1,0.027136000
2,1,4,0.027008001
3,0,4,0.026988000
3,1,1,0.027120000
4,0,1,0.027136000
4,1,4,0.027034501
5,0,4,0.027055999
5,1,1,0.027146500
6,0,1,0.027291499
6,1,4,0.027168000
7,0,4,0.027136000
7,1,1,0.027455000
8,0,1,0.027456000
8,1,4,0.027184000
9,0,4,0.027136000
9,1,1,0.027424000
10,0,1,0.027439000
10,1,4,0.027168000
