TENSOR blk.24.attn_qkv.weight input=2560 output=10240
PARITY PASS cases=56 float_comparisons=164072 original_weight_bytes=21504000
DEVICE_ALLOCATED_WITH_GRAPHS bytes=1331167232
round,order,reference_or_integrated,milliseconds_per_projection
0,0,1,0.027200000
0,1,4,0.027199000
1,0,4,0.027147001
1,1,1,0.027131001
2,0,1,0.027131500
2,1,4,0.027168000
3,0,4,0.027136000
3,1,1,0.027392000
4,0,1,0.027135000
4,1,4,0.027152000
5,0,4,0.027152000
5,1,1,0.027152000
6,0,1,0.027135501
6,1,4,0.027152000
7,0,4,0.027472001
7,1,1,0.027663000
8,0,1,0.027806001
8,1,4,0.027791999
9,0,4,0.027819499
9,1,1,0.027775999
10,0,1,0.027791999
10,1,4,0.027791999
