TENSOR blk.14.attn_qkv.weight input=2560 output=10240
PARITY PASS cases=56 float_comparisons=164072 original_weight_bytes=21504000
DEVICE_ALLOCATED_WITH_GRAPHS bytes=1331167232
round,order,reference_or_integrated,milliseconds_per_projection
0,0,1,0.027440000
0,1,4,0.026992001
1,0,4,0.027008001
1,1,1,0.027168000
2,0,1,0.027132999
2,1,4,0.027035501
3,0,4,0.027008001
3,1,1,0.027136000
4,0,1,0.027147001
4,1,4,0.027008001
5,0,4,0.027024001
5,1,1,0.027136000
6,0,1,0.027133500
6,1,4,0.027184000
7,0,4,0.027264001
7,1,1,0.027712001
8,0,1,0.027728001
8,1,4,0.027260000
9,0,4,0.027248001
9,1,1,0.027711499
10,0,1,0.027712001
10,1,4,0.027279999
