TENSOR blk.30.attn_qkv.weight input=2560 output=10240
PARITY PASS cases=56 float_comparisons=164072 original_weight_bytes=21504000
DEVICE_ALLOCATED_WITH_GRAPHS bytes=1331167232
round,order,reference_or_integrated,milliseconds_per_projection
0,0,1,0.027644500
0,1,4,0.027567999
1,0,4,0.027136000
1,1,1,0.027136000
2,0,1,0.027424000
2,1,4,0.027535999
3,0,4,0.027152000
3,1,1,0.027376000
4,0,1,0.027120000
4,1,4,0.027149500
5,0,4,0.027136000
5,1,1,0.027120000
6,0,1,0.027133999
6,1,4,0.027360000
7,0,4,0.027152000
7,1,1,0.027120000
8,0,1,0.027132001
8,1,4,0.027152000
9,0,4,0.027152000
9,1,1,0.027550500
10,0,1,0.027789500
10,1,4,0.027790500
