TENSOR blk.21.attn_qkv.weight input=2560 output=10240
PARITY PASS cases=56 float_comparisons=164072 original_weight_bytes=21504000
DEVICE_ALLOCATED_WITH_GRAPHS bytes=1331167232
round,order,reference_or_integrated,milliseconds_per_projection
0,0,1,0.027579499
0,1,4,0.027376000
1,0,4,0.027008001
1,1,1,0.027136000
2,0,1,0.027136000
2,1,4,0.027008001
3,0,4,0.027024001
3,1,1,0.027136000
4,0,1,0.027131500
4,1,4,0.027024001
5,0,4,0.027024001
5,1,1,0.027147500
6,0,1,0.027167000
6,1,4,0.027535999
7,0,4,0.027259000
7,1,1,0.027696000
8,0,1,0.027706999
8,1,4,0.027248001
9,0,4,0.027248001
9,1,1,0.027660500
10,0,1,0.027648000
10,1,4,0.027264001
