TENSOR blk.30.attn_qkv.weight input=2560 output=10240
PARITY PASS cases=56 float_comparisons=164072 original_weight_bytes=21504000
DEVICE_ALLOCATED_WITH_GRAPHS bytes=1331167232
round,order,reference_or_integrated,milliseconds_per_projection
0,0,1,0.027567999
0,1,4,0.027018500
1,0,4,0.026992001
1,1,1,0.027136000
2,0,1,0.027147500
2,1,4,0.027024001
3,0,4,0.027024001
3,1,1,0.027420999
4,0,1,0.027136000
4,1,4,0.027292000
5,0,4,0.027008001
5,1,1,0.027152000
6,0,1,0.027152000
6,1,4,0.027024001
7,0,4,0.027103500
7,1,1,0.027712001
8,0,1,0.027871000
8,1,4,0.027152000
9,0,4,0.027152000
9,1,1,0.027456000
10,0,1,0.027456000
10,1,4,0.027164999
