TENSOR blk.5.attn_qkv.weight input=2560 output=10240
PARITY PASS cases=56 float_comparisons=164072 original_weight_bytes=21504000
DEVICE_ALLOCATED_WITH_GRAPHS bytes=1331167232
round,order,reference_or_integrated,milliseconds_per_projection
0,0,1,0.027548499
0,1,4,0.027408000
1,0,4,0.027131500
1,1,1,0.027116500
2,0,1,0.027104000
2,1,4,0.027163001
3,0,4,0.027131001
3,1,1,0.027104000
4,0,1,0.027118500
4,1,4,0.027104000
5,0,4,0.027132500
5,1,1,0.027114499
6,0,1,0.027120000
6,1,4,0.027584000
7,0,4,0.027712001
7,1,1,0.027680000
8,0,1,0.027696000
8,1,4,0.027648000
9,0,4,0.027648000
9,1,1,0.027664000
10,0,1,0.027648000
10,1,4,0.027952000
