TENSOR blk.16.attn_qkv.weight input=2560 output=10240
PARITY PASS cases=56 float_comparisons=164072 original_weight_bytes=21504000
DEVICE_ALLOCATED_WITH_GRAPHS bytes=1331167232
round,order,reference_or_integrated,milliseconds_per_projection
0,0,1,0.027184000
0,1,4,0.027024001
1,0,4,0.027023500
1,1,1,0.027136000
2,0,1,0.027152000
2,1,4,0.027039999
3,0,4,0.027024001
3,1,1,0.027136000
4,0,1,0.027136000
4,1,4,0.027024001
5,0,4,0.026992001
5,1,1,0.027131500
6,0,1,0.027136000
6,1,4,0.027070500
7,0,4,0.027232001
7,1,1,0.027696000
8,0,1,0.027709000
8,1,4,0.027232001
9,0,4,0.027244000
9,1,1,0.027664000
10,0,1,0.027712001
10,1,4,0.027248001
