TENSOR blk.40.attn_qkv.weight input=2560 output=10240
PARITY PASS cases=168 float_comparisons=492216 original_weight_bytes=21504000
DEVICE_ALLOCATED_WITH_GRAPHS bytes=1331167232
round,order,warps_per_cta,milliseconds_per_projection
0,0,1,0.026848000
0,1,2,0.027263001
0,2,4,0.026752001
0,3,8,0.027104000
1,0,8,0.027136000
1,1,4,0.026830001
1,2,2,0.027264001
1,3,1,0.026720000
2,0,1,0.026656000
2,1,2,0.027193500
2,2,4,0.026843000
2,3,8,0.027120000
3,0,8,0.027245499
3,1,4,0.027168000
3,2,2,0.027856000
3,3,1,0.027434999
4,0,1,0.027434500
4,1,2,0.027872000
4,2,4,0.027104000
4,3,8,0.027504001
5,0,8,0.027504001
5,1,4,0.027152000
5,2,2,0.027856000
5,3,1,0.027440000
6,0,1,0.027498500
6,1,2,0.027950499
6,2,4,0.027152000
6,3,8,0.027567500
7,0,8,0.027567999
7,1,4,0.027168000
7,2,2,0.027930999
7,3,1,0.027504001
8,0,1,0.027488001
8,1,2,0.027904000
8,2,4,0.027168000
8,3,8,0.027807500
9,0,8,0.027760001
9,1,4,0.027200000
9,2,2,0.028160000
9,3,1,0.027471500
10,0,1,0.027469501
10,1,2,0.028303999
10,2,4,0.027181000
10,3,8,0.027819000
