TENSOR blk.32.attn_qkv.weight input=2560 output=10240
PARITY PASS cases=168 float_comparisons=492216 original_weight_bytes=21504000
DEVICE_ALLOCATED_WITH_GRAPHS bytes=1331167232
round,order,warps_per_cta,milliseconds_per_projection
0,0,1,0.026799001
0,1,2,0.027295999
0,2,4,0.026733501
0,3,8,0.027152000
1,0,8,0.026799999
1,1,4,0.026729999
1,2,2,0.026923999
1,3,1,0.026640000
2,0,1,0.026448000
2,1,2,0.027132001
2,2,4,0.026528001
2,3,8,0.026746999
3,0,8,0.026783001
3,1,4,0.026684500
3,2,2,0.027872000
3,3,1,0.027711000
4,0,1,0.027419001
4,1,2,0.027854500
4,2,4,0.027120000
4,3,8,0.027484501
5,0,8,0.027488001
5,1,4,0.027152000
5,2,2,0.027856000
5,3,1,0.027456000
6,0,1,0.027454499
6,1,2,0.028062001
6,2,4,0.027311999
6,3,8,0.027663000
7,0,8,0.027696000
7,1,4,0.027279999
7,2,2,0.028063500
7,3,1,0.027775999
8,0,1,0.027790001
8,1,2,0.028061500
8,2,4,0.027295999
8,3,8,0.027693000
9,0,8,0.027664000
9,1,4,0.027279999
9,2,2,0.028029000
9,3,1,0.027744001
10,0,1,0.027744001
10,1,2,0.028047999
10,2,4,0.027279999
10,3,8,0.027678000
