TENSOR blk.25.attn_qkv.weight input=2560 output=10240
PARITY PASS cases=168 float_comparisons=492216 original_weight_bytes=21504000
DEVICE_ALLOCATED_WITH_GRAPHS bytes=1331167232
round,order,warps_per_cta,milliseconds_per_projection
0,0,1,0.026443001
0,1,2,0.026960000
0,2,4,0.026480000
0,3,8,0.026768001
1,0,8,0.026782000
1,1,4,0.026496001
1,2,2,0.026880000
1,3,1,0.026400000
2,0,1,0.026603499
2,1,2,0.027152000
2,2,4,0.026651001
2,3,8,0.026976001
3,0,8,0.027017999
3,1,4,0.026684500
3,2,2,0.027168000
3,3,1,0.026575999
4,0,1,0.026575999
4,1,2,0.027216000
4,2,4,0.027181501
4,3,8,0.027551999
5,0,8,0.027535999
5,1,4,0.027216000
5,2,2,0.027952000
5,3,1,0.027519999
6,0,1,0.027519999
6,1,2,0.027965499
6,2,4,0.027184000
6,3,8,0.027535999
7,0,8,0.027567999
7,1,4,0.027259501
7,2,2,0.028047999
7,3,1,0.027789000
8,0,1,0.027775999
8,1,2,0.028080000
8,2,4,0.027327999
8,3,8,0.027677000
9,0,8,0.027664000
9,1,4,0.027326999
9,2,2,0.028080000
9,3,1,0.027775999
10,0,1,0.027775999
10,1,2,0.028080000
10,2,4,0.027311999
10,3,8,0.027616000
