TENSOR blk.40.attn_qkv.weight input=2560 output=10240
PARITY PASS cases=168 float_comparisons=492216 original_weight_bytes=21504000
DEVICE_ALLOCATED_WITH_GRAPHS bytes=1331167232
round,order,warps_per_cta,milliseconds_per_projection
0,0,1,0.026559999
0,1,2,0.027264001
0,2,4,0.026575999
0,3,8,0.026891500
1,0,8,0.026848000
1,1,4,0.026621999
1,2,2,0.027088000
1,3,1,0.026559999
2,0,1,0.026543999
2,1,2,0.027088000
2,2,4,0.026653500
2,3,8,0.027200000
3,0,8,0.026896000
3,1,4,0.026620500
3,2,2,0.027099499
3,3,1,0.026543500
4,0,1,0.026573500
4,1,2,0.027071999
4,2,4,0.027248001
4,3,8,0.027706999
5,0,8,0.027680000
5,1,4,0.027264001
5,2,2,0.028080000
5,3,1,0.027787499
6,0,1,0.027787000
6,1,2,0.028045500
6,2,4,0.027293500
6,3,8,0.027664000
7,0,8,0.027679000
7,1,4,0.027440000
7,2,2,0.028384000
7,3,1,0.028496001
8,0,1,0.028527999
8,1,2,0.028364001
8,2,4,0.027456000
8,3,8,0.027837500
9,0,8,0.027824000
9,1,4,0.027504001
9,2,2,0.028352000
9,3,1,0.028480001
10,0,1,0.028464001
10,1,2,0.028303999
10,2,4,0.027472001
10,3,8,0.027806001
