TENSOR blk.25.attn_qkv.weight input=2560 output=10240
PARITY PASS cases=168 float_comparisons=492216 original_weight_bytes=21504000
DEVICE_ALLOCATED_WITH_GRAPHS bytes=1331167232
round,order,warps_per_cta,milliseconds_per_projection
0,0,1,0.026448000
0,1,2,0.026942000
0,2,4,0.026480000
0,3,8,0.026768001
1,0,8,0.026761999
1,1,4,0.026480000
1,2,2,0.026960000
1,3,1,0.026416000
2,0,1,0.026464000
2,1,2,0.026944000
2,2,4,0.026543999
2,3,8,0.026768001
3,0,8,0.026809501
3,1,4,0.026528001
3,2,2,0.026975499
3,3,1,0.026442500
4,0,1,0.027162001
4,1,2,0.027920000
4,2,4,0.027152000
4,3,8,0.027549000
5,0,8,0.027567999
5,1,4,0.027200000
5,2,2,0.027932500
5,3,1,0.027504001
6,0,1,0.027519999
6,1,2,0.027920000
6,2,4,0.027136000
6,3,8,0.027567999
7,0,8,0.027584000
7,1,4,0.027136000
7,2,2,0.027936000
7,3,1,0.027532499
8,0,1,0.027519999
8,1,2,0.027947500
8,2,4,0.027182501
8,3,8,0.027551999
9,0,8,0.027581001
9,1,4,0.027200000
9,2,2,0.027952000
9,3,1,0.027504001
10,0,1,0.027519999
10,1,2,0.027904000
10,2,4,0.027152000
10,3,8,0.027551999
