TENSOR blk.40.attn_qkv.weight input=2560 output=10240
PARITY PASS cases=168 float_comparisons=492216 original_weight_bytes=21504000
DEVICE_ALLOCATED_WITH_GRAPHS bytes=1331167232
round,order,warps_per_cta,milliseconds_per_projection
0,0,1,0.026464000
0,1,2,0.026954001
0,2,4,0.026559999
0,3,8,0.026831999
1,0,8,0.026763501
1,1,4,0.026559999
1,2,2,0.026960000
1,3,1,0.026411001
2,0,1,0.026400000
2,1,2,0.027257500
2,2,4,0.026928000
2,3,8,0.027295999
3,0,8,0.027279999
3,1,4,0.026944000
3,2,2,0.027551999
3,3,1,0.026959499
4,0,1,0.026960000
4,1,2,0.027547000
4,2,4,0.026942000
4,3,8,0.027264001
5,0,8,0.027279999
5,1,4,0.027295999
5,2,2,0.028080000
5,3,1,0.027773499
6,0,1,0.027775999
6,1,2,0.028063500
6,2,4,0.027535999
6,3,8,0.027728001
7,0,8,0.027664000
7,1,4,0.027311999
7,2,2,0.028047999
7,3,1,0.027775999
8,0,1,0.027724501
8,1,2,0.028047999
8,2,4,0.027279999
8,3,8,0.027632000
9,0,8,0.027663000
9,1,4,0.027291499
9,2,2,0.028047999
9,3,1,0.027759001
10,0,1,0.027756499
10,1,2,0.028047999
10,2,4,0.027311999
10,3,8,0.027728001
