TENSOR blk.0.attn_qkv.weight input=2560 output=10240
PARITY PASS cases=168 float_comparisons=492216 original_weight_bytes=21504000
DEVICE_ALLOCATED_WITH_GRAPHS bytes=1331167232
round,order,warps_per_cta,milliseconds_per_projection
0,0,1,0.026811000
0,1,2,0.027264001
0,2,4,0.026729500
0,3,8,0.026782500
1,0,8,0.026784001
1,1,4,0.026539000
1,2,2,0.027152000
1,3,1,0.026382999
2,0,1,0.026432000
2,1,2,0.027055999
2,2,4,0.027436500
2,3,8,0.027627500
3,0,8,0.027344000
3,1,4,0.027019000
3,2,2,0.027664000
3,3,1,0.027086001
4,0,1,0.027071999
4,1,2,0.027642500
4,2,4,0.026976001
4,3,8,0.027327999
5,0,8,0.027392000
5,1,4,0.027200000
5,2,2,0.028013499
5,3,1,0.027646501
6,0,1,0.027632000
6,1,2,0.027984001
6,2,4,0.027248001
6,3,8,0.028080000
7,0,8,0.027600000
7,1,4,0.027231500
7,2,2,0.028015999
7,3,1,0.027647501
8,0,1,0.027644500
8,1,2,0.027968001
8,2,4,0.027232001
8,3,8,0.027597999
9,0,8,0.027600000
9,1,4,0.027248001
9,2,2,0.028013499
9,3,1,0.027616000
10,0,1,0.027632000
10,1,2,0.028000001
10,2,4,0.027232001
10,3,8,0.027643500
