TENSOR blk.4.attn_qkv.weight input=2560 output=10240
PARITY PASS cases=168 float_comparisons=492216 original_weight_bytes=21504000
DEVICE_ALLOCATED_WITH_GRAPHS bytes=1331167232
round,order,warps_per_cta,milliseconds_per_projection
0,0,1,0.026432000
0,1,2,0.027168000
0,2,4,0.026512001
0,3,8,0.026797000
1,0,8,0.026815999
1,1,4,0.026495000
1,2,2,0.026928000
1,3,1,0.026432000
2,0,1,0.026416000
2,1,2,0.026924500
2,2,4,0.026496001
2,3,8,0.026765000
3,0,8,0.026777999
3,1,4,0.027184000
3,2,2,0.027952000
3,3,1,0.027567999
4,0,1,0.027551999
4,1,2,0.027936000
4,2,4,0.027216000
4,3,8,0.027578499
5,0,8,0.027551999
5,1,4,0.027184000
5,2,2,0.027968001
5,3,1,0.027551999
6,0,1,0.027807999
6,1,2,0.028176000
6,2,4,0.027341001
6,3,8,0.027757000
7,0,8,0.027728001
7,1,4,0.027342500
7,2,2,0.028127501
7,3,1,0.028063999
8,0,1,0.028074499
8,1,2,0.028176000
8,2,4,0.027376000
8,3,8,0.027754501
9,0,8,0.027724000
9,1,4,0.027375501
9,2,2,0.028160000
9,3,1,0.028047999
10,0,1,0.028063999
10,1,2,0.028158501
10,2,4,0.027376000
10,3,8,0.027664000
