TENSOR blk.18.attn_qkv.weight input=2560 output=10240
PARITY PASS cases=168 float_comparisons=492216 original_weight_bytes=21504000
DEVICE_ALLOCATED_WITH_GRAPHS bytes=1331167232
round,order,warps_per_cta,milliseconds_per_projection
0,0,1,0.026464000
0,1,2,0.027145499
0,2,4,0.026496001
0,3,8,0.026777999
1,0,8,0.026768001
1,1,4,0.026526000
1,2,2,0.026976001
1,3,1,0.026464000
2,0,1,0.026523501
2,1,2,0.027008001
2,2,4,0.026543999
2,3,8,0.026831999
3,0,8,0.026815999
3,1,4,0.026575999
3,2,2,0.026992001
3,3,1,0.026474500
4,0,1,0.026496001
4,1,2,0.027664000
4,2,4,0.027279999
4,3,8,0.027695000
5,0,8,0.027696000
5,1,4,0.027294001
5,2,2,0.028063999
5,3,1,0.027772000
6,0,1,0.027758500
6,1,2,0.028063999
6,2,4,0.027295999
6,3,8,0.027648000
7,0,8,0.027758500
7,1,4,0.027472001
7,2,2,0.028380500
7,3,1,0.028511999
8,0,1,0.028479001
8,1,2,0.028384000
8,2,4,0.027456000
8,3,8,0.027807999
9,0,8,0.027807999
9,1,4,0.027471500
9,2,2,0.028352000
9,3,1,0.028511999
10,0,1,0.028464001
10,1,2,0.028352000
10,2,4,0.027456000
10,3,8,0.027838500
