TENSOR blk.21.attn_qkv.weight input=2560 output=10240
PARITY PASS cases=168 float_comparisons=492216 original_weight_bytes=21504000
DEVICE_ALLOCATED_WITH_GRAPHS bytes=1331167232
round,order,warps_per_cta,milliseconds_per_projection
0,0,1,0.026605999
0,1,2,0.027374500
0,2,4,0.026656000
0,3,8,0.026939500
1,0,8,0.026960000
1,1,4,0.026667500
1,2,2,0.027120000
1,3,1,0.026559999
2,0,1,0.026543999
2,1,2,0.027118500
2,2,4,0.026847500
2,3,8,0.027403500
3,0,8,0.027392000
3,1,4,0.027055999
3,2,2,0.027744001
3,3,1,0.027232001
4,0,1,0.027248001
4,1,2,0.027743001
4,2,4,0.027039999
4,3,8,0.027418500
5,0,8,0.027376000
5,1,4,0.027101999
5,2,2,0.028077001
5,3,1,0.027791999
6,0,1,0.027771501
6,1,2,0.028080000
6,2,4,0.027295999
6,3,8,0.027696000
7,0,8,0.027664000
7,1,4,0.027327500
7,2,2,0.028080000
7,3,1,0.027791999
8,0,1,0.027804000
8,1,2,0.028074499
8,2,4,0.027311999
8,3,8,0.027648000
9,0,8,0.027904000
9,1,4,0.027307000
9,2,2,0.028063999
9,3,1,0.027774500
10,0,1,0.027775999
10,1,2,0.028063999
10,2,4,0.027295999
10,3,8,0.027664000
