TENSOR blk.18.attn_qkv.weight input=2560 output=10240
PARITY PASS cases=168 float_comparisons=492216 original_weight_bytes=21504000
DEVICE_ALLOCATED_WITH_GRAPHS bytes=1331167232
round,order,warps_per_cta,milliseconds_per_projection
0,0,1,0.026864000
0,1,2,0.027360000
0,2,4,0.026912000
0,3,8,0.027021499
1,0,8,0.027008001
1,1,4,0.026896000
1,2,2,0.027163500
1,3,1,0.026704000
2,0,1,0.026656000
2,1,2,0.026992001
2,2,4,0.026591999
2,3,8,0.027146500
3,0,8,0.027152000
3,1,4,0.026621999
3,2,2,0.027055999
3,3,1,0.026575999
4,0,1,0.026542500
4,1,2,0.027083499
4,2,4,0.026891500
4,3,8,0.026910000
5,0,8,0.027184000
5,1,4,0.027354499
5,2,2,0.027920000
5,3,1,0.027504001
6,0,1,0.027501499
6,1,2,0.027920000
6,2,4,0.027168000
6,3,8,0.027584000
7,0,8,0.027584000
7,1,4,0.027184000
7,2,2,0.027931500
7,3,1,0.027514501
8,0,1,0.027514501
8,1,2,0.027936000
8,2,4,0.027183499
8,3,8,0.027600000
9,0,8,0.027567999
9,1,4,0.027184000
9,2,2,0.027930999
9,3,1,0.027519999
10,0,1,0.027519999
10,1,2,0.027920000
10,2,4,0.027182501
10,3,8,0.027535999
