TENSOR blk.17.attn_qkv.weight input=2560 output=10240
PARITY PASS cases=168 float_comparisons=492216 original_weight_bytes=21504000
DEVICE_ALLOCATED_WITH_GRAPHS bytes=1331167232
round,order,warps_per_cta,milliseconds_per_projection
0,0,1,0.026464000
0,1,2,0.026960000
0,2,4,0.026480000
0,3,8,0.026768001
1,0,8,0.026746500
1,1,4,0.026491500
1,2,2,0.026896000
1,3,1,0.026400000
2,0,1,0.026688000
2,1,2,0.027311999
2,2,4,0.026779000
2,3,8,0.027052499
3,0,8,0.027071999
3,1,4,0.026762500
3,2,2,0.027327999
3,3,1,0.026682500
4,0,1,0.026688000
4,1,2,0.027325500
4,2,4,0.026752001
4,3,8,0.027244501
5,0,8,0.027519001
5,1,4,0.027168000
5,2,2,0.027936000
5,3,1,0.027519999
6,0,1,0.027532499
6,1,2,0.027936000
6,2,4,0.027168000
6,3,8,0.027567999
7,0,8,0.027584000
7,1,4,0.027152000
7,2,2,0.027936000
7,3,1,0.027759500
8,0,1,0.027791001
8,1,2,0.028063999
8,2,4,0.027327999
8,3,8,0.027679000
9,0,8,0.027648000
9,1,4,0.027295999
9,2,2,0.028080000
9,3,1,0.027802501
10,0,1,0.027791999
10,1,2,0.028091000
10,2,4,0.027309000
10,3,8,0.027664000
