TENSOR blk.17.attn_qkv.weight input=2560 output=10240
PARITY PASS cases=168 float_comparisons=492216 original_weight_bytes=21504000
DEVICE_ALLOCATED_WITH_GRAPHS bytes=1331167232
round,order,warps_per_cta,milliseconds_per_projection
0,0,1,0.026799500
0,1,2,0.027246499
0,2,4,0.026719000
0,3,8,0.026976001
1,0,8,0.026768001
1,1,4,0.026688000
1,2,2,0.027132999
1,3,1,0.026608000
2,0,1,0.026443500
2,1,2,0.026896000
2,2,4,0.026528001
2,3,8,0.027344000
3,0,8,0.027580000
3,1,4,0.027136000
3,2,2,0.028336000
3,3,1,0.027775999
4,0,1,0.027519999
4,1,2,0.027916500
4,2,4,0.027168000
4,3,8,0.027535999
5,0,8,0.027534500
5,1,4,0.027181501
5,2,2,0.027968001
5,3,1,0.027647000
6,0,1,0.027664000
6,1,2,0.028013000
6,2,4,0.027216000
6,3,8,0.027659999
7,0,8,0.027632000
7,1,4,0.027248001
7,2,2,0.028030001
7,3,1,0.028110500
8,0,1,0.027647501
8,1,2,0.028000001
8,2,4,0.027214499
8,3,8,0.027567999
9,0,8,0.027535999
9,1,4,0.027150000
9,2,2,0.027936000
9,3,1,0.027579000
10,0,1,0.027851500
10,1,2,0.027968001
10,2,4,0.027199499
10,3,8,0.027567999
