TENSOR blk.16.attn_qkv.weight input=2560 output=10240
PARITY PASS cases=168 float_comparisons=492216 original_weight_bytes=21504000
DEVICE_ALLOCATED_WITH_GRAPHS bytes=1331167232
round,order,warps_per_cta,milliseconds_per_projection
0,0,1,0.026448000
0,1,2,0.027104000
0,2,4,0.026492000
0,3,8,0.026736001
1,0,8,0.026736001
1,1,4,0.026480000
1,2,2,0.026880000
1,3,1,0.026395500
2,0,1,0.026396001
2,1,2,0.027036499
2,2,4,0.027005000
2,3,8,0.027357999
3,0,8,0.027322499
3,1,4,0.026970500
3,2,2,0.027629500
3,3,1,0.027088000
4,0,1,0.027071999
4,1,2,0.027648000
4,2,4,0.026976001
4,3,8,0.027344000
5,0,8,0.027355500
5,1,4,0.027136000
5,2,2,0.028015999
5,3,1,0.027632000
6,0,1,0.027632000
6,1,2,0.028015999
6,2,4,0.027232001
6,3,8,0.027600000
7,0,8,0.027616000
7,1,4,0.027248001
7,2,2,0.028031999
7,3,1,0.027616000
8,0,1,0.027648000
8,1,2,0.027984001
8,2,4,0.027211500
8,3,8,0.027616000
9,0,8,0.027600000
9,1,4,0.027279999
9,2,2,0.028063999
9,3,1,0.027934499
10,0,1,0.027616000
10,1,2,0.028042501
10,2,4,0.027311999
10,3,8,0.027744001
