TENSOR blk.22.attn_qkv.weight input=2560 output=10240
PARITY PASS cases=168 float_comparisons=492216 original_weight_bytes=21504000
DEVICE_ALLOCATED_WITH_GRAPHS bytes=1331167232
round,order,warps_per_cta,milliseconds_per_projection
0,0,1,0.026860500
0,1,2,0.027502500
0,2,4,0.026944000
0,3,8,0.027152000
1,0,8,0.026992001
1,1,4,0.026752001
1,2,2,0.027120000
1,3,1,0.026656000
2,0,1,0.026448000
2,1,2,0.026959499
2,2,4,0.027424000
2,3,8,0.027696000
3,0,8,0.027360000
3,1,4,0.027035000
3,2,2,0.027740000
3,3,1,0.027229000
4,0,1,0.027200000
4,1,2,0.027725499
4,2,4,0.027054500
4,3,8,0.027440000
5,0,8,0.027696000
5,1,4,0.027146500
5,2,2,0.028063999
5,3,1,0.028047999
6,0,1,0.027791999
6,1,2,0.028058499
6,2,4,0.027295999
6,3,8,0.027680000
7,0,8,0.027679499
7,1,4,0.027295999
7,2,2,0.028080000
7,3,1,0.027775999
8,0,1,0.027775999
8,1,2,0.028063999
8,2,4,0.027311999
8,3,8,0.027663499
9,0,8,0.027664000
9,1,4,0.027295999
9,2,2,0.028047999
9,3,1,0.027744001
10,0,1,0.027754501
10,1,2,0.028063999
10,2,4,0.027264001
10,3,8,0.027983500
