TENSOR blk.5.attn_qkv.weight input=2560 output=10240
PARITY PASS cases=168 float_comparisons=492216 original_weight_bytes=21504000
DEVICE_ALLOCATED_WITH_GRAPHS bytes=1331167232
round,order,warps_per_cta,milliseconds_per_projection
0,0,1,0.026416000
0,1,2,0.026944000
0,2,4,0.026496001
0,3,8,0.026768001
1,0,8,0.026750499
1,1,4,0.026463499
1,2,2,0.026876001
1,3,1,0.026381500
2,0,1,0.026412001
2,1,2,0.026928000
2,2,4,0.026480000
2,3,8,0.026752001
3,0,8,0.026778501
3,1,4,0.027055999
3,2,2,0.027936000
3,3,1,0.027488001
4,0,1,0.027488001
4,1,2,0.027934499
4,2,4,0.027152000
4,3,8,0.027535999
5,0,8,0.027504001
5,1,4,0.027168000
5,2,2,0.027920000
5,3,1,0.027488001
6,0,1,0.027600000
6,1,2,0.028015999
6,2,4,0.027279999
6,3,8,0.027632000
7,0,8,0.027632000
7,1,4,0.027264001
7,2,2,0.028015999
7,3,1,0.027616000
8,0,1,0.027664000
8,1,2,0.028000001
8,2,4,0.027248001
8,3,8,0.027600000
9,0,8,0.027647000
9,1,4,0.027246000
9,2,2,0.028015999
9,3,1,0.027648000
10,0,1,0.027632000
10,1,2,0.028012000
10,2,4,0.027232001
10,3,8,0.027659001
