TENSOR blk.17.attn_qkv.weight input=2560 output=10240
PARITY PASS cases=168 float_comparisons=492216 original_weight_bytes=21504000
DEVICE_ALLOCATED_WITH_GRAPHS bytes=1331167232
round,order,warps_per_cta,milliseconds_per_projection
0,0,1,0.026815999
0,1,2,0.027152000
0,2,4,0.026720000
0,3,8,0.026799999
1,0,8,0.027008001
1,1,4,0.026543999
1,2,2,0.027248001
1,3,1,0.026464000
2,0,1,0.026464000
2,1,2,0.026928000
2,2,4,0.026543999
2,3,8,0.026799999
3,0,8,0.026831999
3,1,4,0.026944000
3,2,2,0.027008001
3,3,1,0.027081501
4,0,1,0.027456000
4,1,2,0.027931500
4,2,4,0.027200000
4,3,8,0.027551999
5,0,8,0.027519999
5,1,4,0.027184000
5,2,2,0.027920000
5,3,1,0.027519999
6,0,1,0.027519999
6,1,2,0.027904000
6,2,4,0.027152000
6,3,8,0.027616000
7,0,8,0.027679000
7,1,4,0.027295999
7,2,2,0.028063999
7,3,1,0.027755000
8,0,1,0.027787000
8,1,2,0.028080000
8,2,4,0.027291499
8,3,8,0.027680000
9,0,8,0.027664000
9,1,4,0.027264001
9,2,2,0.028077001
9,3,1,0.027787499
10,0,1,0.027760001
10,1,2,0.028062500
10,2,4,0.027311999
10,3,8,0.027644500
