TENSOR blk.32.attn_qkv.weight input=2560 output=10240
PARITY PASS cases=168 float_comparisons=492216 original_weight_bytes=21504000
DEVICE_ALLOCATED_WITH_GRAPHS bytes=1331167232
round,order,warps_per_cta,milliseconds_per_projection
0,0,1,0.026480000
0,1,2,0.027136000
0,2,4,0.026512001
0,3,8,0.026848000
1,0,8,0.026766500
1,1,4,0.026511500
1,2,2,0.026944000
1,3,1,0.026416000
2,0,1,0.026432000
2,1,2,0.026912000
2,2,4,0.027035000
2,3,8,0.027392000
3,0,8,0.027488001
3,1,4,0.027055999
3,2,2,0.027756000
3,3,1,0.027279001
4,0,1,0.027248001
4,1,2,0.027760001
4,2,4,0.027039999
4,3,8,0.027408000
5,0,8,0.027408000
5,1,4,0.027179999
5,2,2,0.028096000
5,3,1,0.027789500
6,0,1,0.027807999
6,1,2,0.028080000
6,2,4,0.027376000
6,3,8,0.027712001
7,0,8,0.027679499
7,1,4,0.027295999
7,2,2,0.028063999
7,3,1,0.027775999
8,0,1,0.027791999
8,1,2,0.028063999
8,2,4,0.027279999
8,3,8,0.027664000
9,0,8,0.027696000
9,1,4,0.027295999
9,2,2,0.028109999
9,3,1,0.027791999
10,0,1,0.027803000
10,1,2,0.028110500
10,2,4,0.027311999
10,3,8,0.027600000
