TENSOR blk.30.attn_qkv.weight input=2560 output=10240
PARITY PASS cases=168 float_comparisons=492216 original_weight_bytes=21504000
DEVICE_ALLOCATED_WITH_GRAPHS bytes=1331167232
round,order,warps_per_cta,milliseconds_per_projection
0,0,1,0.026464000
0,1,2,0.026954001
0,2,4,0.026489500
0,3,8,0.026782000
1,0,8,0.026796000
1,1,4,0.026496001
1,2,2,0.026928000
1,3,1,0.026429500
2,0,1,0.026416000
2,1,2,0.026912000
2,2,4,0.026765499
2,3,8,0.027488001
3,0,8,0.027436500
3,1,4,0.027071999
3,2,2,0.027775999
3,3,1,0.027279999
4,0,1,0.027295999
4,1,2,0.027775999
4,2,4,0.027039500
4,3,8,0.027424000
5,0,8,0.027440000
5,1,4,0.027213501
5,2,2,0.028364500
5,3,1,0.028480001
6,0,1,0.028767999
6,1,2,0.028320000
6,2,4,0.027472001
6,3,8,0.027822001
7,0,8,0.027824000
7,1,4,0.027488001
7,2,2,0.028384000
7,3,1,0.028511999
8,0,1,0.028511999
8,1,2,0.028320000
8,2,4,0.027440000
8,3,8,0.027840000
9,0,8,0.027805001
9,1,4,0.027438501
9,2,2,0.028334999
9,3,1,0.028477499
10,0,1,0.028464001
10,1,2,0.028400000
10,2,4,0.027488001
10,3,8,0.027821500
