TENSOR blk.9.attn_qkv.weight input=2560 output=10240
PARITY PASS cases=168 float_comparisons=492216 original_weight_bytes=21504000
DEVICE_ALLOCATED_WITH_GRAPHS bytes=1331167232
round,order,warps_per_cta,milliseconds_per_projection
0,0,1,0.026447499
0,1,2,0.026944000
0,2,4,0.026480000
0,3,8,0.026764000
1,0,8,0.026784001
1,1,4,0.026464000
1,2,2,0.026944000
1,3,1,0.026396001
2,0,1,0.026414501
2,1,2,0.026912000
2,2,4,0.026528001
2,3,8,0.026779000
3,0,8,0.026779000
3,1,4,0.026507000
3,2,2,0.027856000
3,3,1,0.028047999
4,0,1,0.028047999
4,1,2,0.028172500
4,2,4,0.027392000
4,3,8,0.027722999
5,0,8,0.027712001
5,1,4,0.027372999
5,2,2,0.028192000
5,3,1,0.028031999
6,0,1,0.028047999
6,1,2,0.028176000
6,2,4,0.027408000
6,3,8,0.027754501
7,0,8,0.027744001
7,1,4,0.027358500
7,2,2,0.028189501
7,3,1,0.028047999
8,0,1,0.028031999
8,1,2,0.028144000
8,2,4,0.027326500
8,3,8,0.027712001
9,0,8,0.027744001
9,1,4,0.027360000
9,2,2,0.028160000
9,3,1,0.028031999
10,0,1,0.028047999
10,1,2,0.028186500
10,2,4,0.027376000
10,3,8,0.027728001
