TENSOR blk.6.attn_qkv.weight input=2560 output=10240
PARITY PASS cases=168 float_comparisons=492216 original_weight_bytes=21504000
DEVICE_ALLOCATED_WITH_GRAPHS bytes=1331167232
round,order,warps_per_cta,milliseconds_per_projection
0,0,1,0.026400000
0,1,2,0.027104000
0,2,4,0.026474001
0,3,8,0.026720000
1,0,8,0.026749000
1,1,4,0.026554000
1,2,2,0.026912000
1,3,1,0.026416000
2,0,1,0.026448000
2,1,2,0.026896000
2,2,4,0.026527500
2,3,8,0.026813000
3,0,8,0.026782500
3,1,4,0.026528001
3,2,2,0.026928000
3,3,1,0.026447499
4,0,1,0.026476000
4,1,2,0.027215000
4,2,4,0.027152000
4,3,8,0.027519999
5,0,8,0.027584000
5,1,4,0.027199000
5,2,2,0.027904000
5,3,1,0.027584000
6,0,1,0.027519999
6,1,2,0.027888000
6,2,4,0.027152000
6,3,8,0.027551999
7,0,8,0.027584000
7,1,4,0.027376000
7,2,2,0.028128000
7,3,1,0.027920000
8,0,1,0.027936000
8,1,2,0.028176000
8,2,4,0.027344000
8,3,8,0.027760001
9,0,8,0.027728001
9,1,4,0.027339000
9,2,2,0.028190000
9,3,1,0.027936000
10,0,1,0.027918501
10,1,2,0.028158000
10,2,4,0.027311999
10,3,8,0.027739501
