TENSOR blk.24.attn_qkv.weight input=2560 output=10240
PARITY PASS cases=168 float_comparisons=492216 original_weight_bytes=21504000
DEVICE_ALLOCATED_WITH_GRAPHS bytes=1331167232
round,order,warps_per_cta,milliseconds_per_projection
0,0,1,0.026427500
0,1,2,0.026909500
0,2,4,0.026464000
0,3,8,0.026752001
1,0,8,0.026768001
1,1,4,0.026528001
1,2,2,0.026905499
1,3,1,0.026464000
2,0,1,0.026448000
2,1,2,0.027008001
2,2,4,0.026554501
2,3,8,0.026784001
3,0,8,0.026992001
3,1,4,0.026510000
3,2,2,0.027184000
3,3,1,0.026442500
4,0,1,0.026464000
4,1,2,0.027696000
4,2,4,0.027148999
4,3,8,0.027534001
5,0,8,0.027515501
5,1,4,0.027168000
5,2,2,0.027918000
5,3,1,0.027531000
6,0,1,0.027548499
6,1,2,0.027888000
6,2,4,0.027148500
6,3,8,0.027580500
7,0,8,0.027531000
7,1,4,0.027152000
7,2,2,0.027904000
7,3,1,0.027519999
8,0,1,0.027516499
8,1,2,0.027904000
8,2,4,0.027120000
8,3,8,0.027535999
9,0,8,0.027519999
9,1,4,0.027168000
9,2,2,0.027888000
9,3,1,0.027519999
10,0,1,0.027531501
10,1,2,0.027888000
10,2,4,0.027136000
10,3,8,0.027519999
