TENSOR blk.30.attn_qkv.weight input=2560 output=10240
PARITY PASS cases=168 float_comparisons=492216 original_weight_bytes=21504000
DEVICE_ALLOCATED_WITH_GRAPHS bytes=1331167232
round,order,warps_per_cta,milliseconds_per_projection
0,0,1,0.026831999
0,1,2,0.027326999
0,2,4,0.026895000
0,3,8,0.026989499
1,0,8,0.026989000
1,1,4,0.026732000
1,2,2,0.027136000
1,3,1,0.026768001
2,0,1,0.026426001
2,1,2,0.027168000
2,2,4,0.026464000
2,3,8,0.026975000
3,0,8,0.027136000
3,1,4,0.026860500
3,2,2,0.027248001
3,3,1,0.026671000
4,0,1,0.026447499
4,1,2,0.026923001
4,2,4,0.026815999
4,3,8,0.027008001
5,0,8,0.027179999
5,1,4,0.026860500
5,2,2,0.027242500
5,3,1,0.027017999
6,0,1,0.027183000
6,1,2,0.027712001
6,2,4,0.027039999
6,3,8,0.027435999
7,0,8,0.027376000
7,1,4,0.027055999
7,2,2,0.027708501
7,3,1,0.027184000
8,0,1,0.027184000
8,1,2,0.027680000
8,2,4,0.027039999
8,3,8,0.027408000
9,0,8,0.027392000
9,1,4,0.027039999
9,2,2,0.027712001
9,3,1,0.027168000
10,0,1,0.027440000
10,1,2,0.027709000
10,2,4,0.027052000
10,3,8,0.027408000
