TENSOR blk.20.attn_qkv.weight input=2560 output=10240
PARITY PASS cases=168 float_comparisons=492216 original_weight_bytes=21504000
DEVICE_ALLOCATED_WITH_GRAPHS bytes=1331167232
round,order,warps_per_cta,milliseconds_per_projection
0,0,1,0.026448000
0,1,2,0.027117500
0,2,4,0.026480000
0,3,8,0.026736001
1,0,8,0.026719499
1,1,4,0.026496001
1,2,2,0.026880000
1,3,1,0.026384000
2,0,1,0.026416000
2,1,2,0.027001500
2,2,4,0.026736001
2,3,8,0.027408000
3,0,8,0.027470000
3,1,4,0.027068000
3,2,2,0.027744001
3,3,1,0.027248001
4,0,1,0.027263001
4,1,2,0.027744001
4,2,4,0.027039999
4,3,8,0.027440000
5,0,8,0.027438501
5,1,4,0.027071999
5,2,2,0.028271999
5,3,1,0.028192000
6,0,1,0.028192000
6,1,2,0.028235000
6,2,4,0.027422501
6,3,8,0.027775001
7,0,8,0.027824000
7,1,4,0.027408000
7,2,2,0.028268000
7,3,1,0.028190000
8,0,1,0.028208001
8,1,2,0.028224001
8,2,4,0.027408000
8,3,8,0.027772499
9,0,8,0.027744001
9,1,4,0.027418500
9,2,2,0.028255999
9,3,1,0.028160000
10,0,1,0.028223500
10,1,2,0.028192000
10,2,4,0.027408000
10,3,8,0.028047999
