TENSOR blk.37.attn_qkv.weight input=2560 output=10240
PARITY PASS cases=168 float_comparisons=492216 original_weight_bytes=21504000
DEVICE_ALLOCATED_WITH_GRAPHS bytes=1331167232
round,order,warps_per_cta,milliseconds_per_projection
0,0,1,0.026841501
0,1,2,0.027168000
0,2,4,0.026752001
0,3,8,0.026815999
1,0,8,0.027039999
1,1,4,0.026720000
1,2,2,0.026928000
1,3,1,0.026656000
2,0,1,0.026464000
2,1,2,0.026955999
2,2,4,0.026559999
2,3,8,0.026794501
3,0,8,0.027039500
3,1,4,0.026745500
3,2,2,0.027104000
3,3,1,0.027519999
4,0,1,0.027504001
4,1,2,0.027936000
4,2,4,0.027168000
4,3,8,0.027584000
5,0,8,0.027584000
5,1,4,0.027168000
5,2,2,0.027952000
5,3,1,0.027504001
6,0,1,0.027504001
6,1,2,0.027936000
6,2,4,0.027294500
6,3,8,0.027680000
7,0,8,0.027680000
7,1,4,0.027310500
7,2,2,0.028096000
7,3,1,0.027760001
8,0,1,0.027803000
8,1,2,0.028080000
8,2,4,0.027293500
8,3,8,0.027680000
9,0,8,0.027728001
9,1,4,0.027311500
9,2,2,0.028063999
9,3,1,0.027744001
10,0,1,0.027791999
10,1,2,0.028080000
10,2,4,0.027294001
10,3,8,0.027710000
