TENSOR blk.14.attn_qkv.weight input=2560 output=10240
PARITY PASS cases=168 float_comparisons=492216 original_weight_bytes=21504000
DEVICE_ALLOCATED_WITH_GRAPHS bytes=1331167232
round,order,warps_per_cta,milliseconds_per_projection
0,0,1,0.026815999
0,1,2,0.027232001
0,2,4,0.026752001
0,3,8,0.027148001
1,0,8,0.027152000
1,1,4,0.026860500
1,2,2,0.027194001
1,3,1,0.026810501
2,0,1,0.026409499
2,1,2,0.027136000
2,2,4,0.026736001
2,3,8,0.027279999
3,0,8,0.027551999
3,1,4,0.027420500
3,2,2,0.028336000
3,3,1,0.027504001
4,0,1,0.027787000
4,1,2,0.027915999
4,2,4,0.027408000
4,3,8,0.027551999
5,0,8,0.027535999
5,1,4,0.027200000
5,2,2,0.027919499
5,3,1,0.027632000
6,0,1,0.027930500
6,1,2,0.028000001
6,2,4,0.027232001
6,3,8,0.027584000
7,0,8,0.027659500
7,1,4,0.027210999
7,2,2,0.028015999
7,3,1,0.027648000
8,0,1,0.027664000
8,1,2,0.028000001
8,2,4,0.027168000
8,3,8,0.027551999
9,0,8,0.027567999
9,1,4,0.027194500
9,2,2,0.027949000
9,3,1,0.027564000
10,0,1,0.027567999
10,1,2,0.027936000
10,2,4,0.027437000
10,3,8,0.027551500
