TENSOR blk.21.attn_qkv.weight input=2560 output=10240
PARITY PASS cases=168 float_comparisons=492216 original_weight_bytes=21504000
DEVICE_ALLOCATED_WITH_GRAPHS bytes=1331167232
round,order,warps_per_cta,milliseconds_per_projection
0,0,1,0.026464000
0,1,2,0.027022000
0,2,4,0.026511000
0,3,8,0.026768001
1,0,8,0.026783500
1,1,4,0.026496001
1,2,2,0.026912000
1,3,1,0.026416000
2,0,1,0.026416000
2,1,2,0.026960000
2,2,4,0.026543999
2,3,8,0.026784001
3,0,8,0.026784001
3,1,4,0.026864000
3,2,2,0.027616000
3,3,1,0.027039999
4,0,1,0.027039999
4,1,2,0.027600000
4,2,4,0.026954500
4,3,8,0.027324500
5,0,8,0.027680000
5,1,4,0.026973501
5,2,2,0.027596500
5,3,1,0.027024001
6,0,1,0.027277499
6,1,2,0.027968001
6,2,4,0.027179999
6,3,8,0.027567999
7,0,8,0.027567999
7,1,4,0.027424000
7,2,2,0.027949501
7,3,1,0.027567999
8,0,1,0.027579000
8,1,2,0.027964501
8,2,4,0.027179001
8,3,8,0.027597999
9,0,8,0.027632000
9,1,4,0.027216000
9,2,2,0.028014500
9,3,1,0.027664000
10,0,1,0.027664000
10,1,2,0.028000001
10,2,4,0.027216000
10,3,8,0.027628500
