TENSOR blk.21.attn_qkv.weight input=2560 output=10240
PARITY PASS cases=168 float_comparisons=492216 original_weight_bytes=21504000
DEVICE_ALLOCATED_WITH_GRAPHS bytes=1331167232
round,order,warps_per_cta,milliseconds_per_projection
0,0,1,0.026876001
0,1,2,0.027327999
0,2,4,0.026768001
0,3,8,0.026815999
1,0,8,0.026860001
1,1,4,0.026543999
1,2,2,0.026976001
1,3,1,0.026416000
2,0,1,0.026496001
2,1,2,0.026985999
2,2,4,0.026783500
2,3,8,0.026828000
3,0,8,0.027356500
3,1,4,0.027152000
3,2,2,0.027936000
3,3,1,0.027519999
4,0,1,0.027504001
4,1,2,0.027920000
4,2,4,0.027152000
4,3,8,0.027564000
5,0,8,0.027550001
5,1,4,0.027200000
5,2,2,0.027902000
5,3,1,0.027680000
6,0,1,0.027775999
6,1,2,0.028076001
6,2,4,0.027311999
6,3,8,0.027659001
7,0,8,0.027696000
7,1,4,0.027295999
7,2,2,0.028063999
7,3,1,0.027775999
8,0,1,0.027775999
8,1,2,0.028062500
8,2,4,0.027295999
8,3,8,0.027648000
9,0,8,0.027664000
9,1,4,0.027294500
9,2,2,0.028096000
9,3,1,0.027760001
10,0,1,0.027744001
10,1,2,0.028062999
10,2,4,0.027309500
10,3,8,0.027648000
