TENSOR blk.32.attn_qkv.weight input=2560 output=10240
PARITY PASS cases=168 float_comparisons=492216 original_weight_bytes=21504000
DEVICE_ALLOCATED_WITH_GRAPHS bytes=1331167232
round,order,warps_per_cta,milliseconds_per_projection
0,0,1,0.026864000
0,1,2,0.027311999
0,2,4,0.026864000
0,3,8,0.027118500
1,0,8,0.026990000
1,1,4,0.026714500
1,2,2,0.027120000
1,3,1,0.026766000
2,0,1,0.026443001
2,1,2,0.026912000
2,2,4,0.026861500
2,3,8,0.027648000
3,0,8,0.027664000
3,1,4,0.027037499
3,2,2,0.027712001
3,3,1,0.027184000
4,0,1,0.027196500
4,1,2,0.027728001
4,2,4,0.027071999
4,3,8,0.027422501
5,0,8,0.027408000
5,1,4,0.027055999
5,2,2,0.028000001
5,3,1,0.027648000
6,0,1,0.027632000
6,1,2,0.028015999
6,2,4,0.027248001
6,3,8,0.027632000
7,0,8,0.027664000
7,1,4,0.027248001
7,2,2,0.028028000
7,3,1,0.027664000
8,0,1,0.027616000
8,1,2,0.027952000
8,2,4,0.027152000
8,3,8,0.027551999
9,0,8,0.027535999
9,1,4,0.027152000
9,2,2,0.027903499
9,3,1,0.027488001
10,0,1,0.027487000
10,1,2,0.027918501
10,2,4,0.027199499
10,3,8,0.027519999
