TENSOR blk.28.attn_qkv.weight input=2560 output=10240
PARITY PASS cases=168 float_comparisons=492216 original_weight_bytes=21504000
DEVICE_ALLOCATED_WITH_GRAPHS bytes=1331167232
round,order,warps_per_cta,milliseconds_per_projection
0,0,1,0.026928000
0,1,2,0.027277000
0,2,4,0.026864000
0,3,8,0.027168000
1,0,8,0.027008001
1,1,4,0.026912000
1,2,2,0.027261499
1,3,1,0.026796000
2,0,1,0.026797000
2,1,2,0.027120000
2,2,4,0.026764501
2,3,8,0.027472001
3,0,8,0.027951499
3,1,4,0.027424000
3,2,2,0.028160000
3,3,1,0.027904000
4,0,1,0.027487500
4,1,2,0.028176000
4,2,4,0.027136000
4,3,8,0.027500501
5,0,8,0.027504001
5,1,4,0.027149500
5,2,2,0.028031999
5,3,1,0.028510001
6,0,1,0.028015999
6,1,2,0.028160000
6,2,4,0.027360000
6,3,8,0.027696000
7,0,8,0.027712001
7,1,4,0.027374500
7,2,2,0.028173000
7,3,1,0.028320000
8,0,1,0.028460501
8,1,2,0.028588001
8,2,4,0.028015999
8,3,8,0.028047999
9,0,8,0.028047500
9,1,4,0.027632000
9,2,2,0.028399000
9,3,1,0.028416000
10,0,1,0.028270001
10,1,2,0.028527999
10,2,4,0.027376000
10,3,8,0.027754501
