TENSOR blk.22.attn_qkv.weight input=2560 output=10240
PARITY PASS cases=168 float_comparisons=492216 original_weight_bytes=21504000
DEVICE_ALLOCATED_WITH_GRAPHS bytes=1331167232
round,order,warps_per_cta,milliseconds_per_projection
0,0,1,0.026783500
0,1,2,0.027261499
0,2,4,0.026720000
0,3,8,0.026992001
1,0,8,0.026765000
1,1,4,0.026480000
1,2,2,0.027151501
1,3,1,0.026400000
2,0,1,0.026396999
2,1,2,0.027120000
2,2,4,0.026704000
2,3,8,0.026992001
3,0,8,0.027373999
3,1,4,0.027152000
3,2,2,0.028160000
3,3,1,0.027519999
4,0,1,0.027504001
4,1,2,0.027904000
4,2,4,0.027120000
4,3,8,0.027803499
5,0,8,0.027547000
5,1,4,0.027163500
5,2,2,0.027904000
5,3,1,0.027856000
6,0,1,0.027632000
6,1,2,0.027984001
6,2,4,0.027248001
6,3,8,0.027616000
7,0,8,0.027616000
7,1,4,0.027200000
7,2,2,0.028015999
7,3,1,0.027648000
8,0,1,0.027632000
8,1,2,0.028384000
8,2,4,0.027216000
8,3,8,0.027850499
9,0,8,0.027567999
9,1,4,0.027200000
9,2,2,0.027968001
9,3,1,0.027567999
10,0,1,0.027584000
10,1,2,0.028240001
10,2,4,0.027184000
10,3,8,0.027824000
