TENSOR blk.2.attn_qkv.weight input=2560 output=10240
PARITY PASS cases=168 float_comparisons=492216 original_weight_bytes=21504000
DEVICE_ALLOCATED_WITH_GRAPHS bytes=1331167232
round,order,warps_per_cta,milliseconds_per_projection
0,0,1,0.027648000
0,1,2,0.028110500
0,2,4,0.027295001
0,3,8,0.028432000
1,0,8,0.027343500
1,1,4,0.027424000
1,2,2,0.028047999
1,3,1,0.027567999
2,0,1,0.027151501
2,1,2,0.027947500
2,2,4,0.027311999
2,3,8,0.027664000
3,0,8,0.027840000
3,1,4,0.027311999
3,2,2,0.027984001
3,3,1,0.027616000
4,0,1,0.027200000
4,1,2,0.028031001
4,2,4,0.027327999
4,3,8,0.027696000
5,0,8,0.027424000
5,1,4,0.027584000
5,2,2,0.028346499
5,3,1,0.027504001
6,0,1,0.027535999
6,1,2,0.027951499
6,2,4,0.027200000
6,3,8,0.027872000
7,0,8,0.027584000
7,1,4,0.027166501
7,2,2,0.027952000
7,3,1,0.027504001
8,0,1,0.027936000
8,1,2,0.028316500
8,2,4,0.027567999
8,3,8,0.027838500
9,0,8,0.027868001
9,1,4,0.027184000
9,2,2,0.028202999
9,3,1,0.027791999
10,0,1,0.027757000
10,1,2,0.027917000
10,2,4,0.027195999
10,3,8,0.027584000
