TENSOR blk.0.attn_qkv.weight input=2560 output=10240
PARITY PASS cases=168 float_comparisons=492216 original_weight_bytes=21504000
DEVICE_ALLOCATED_WITH_GRAPHS bytes=1331167232
round,order,warps_per_cta,milliseconds_per_projection
0,0,1,0.027456000
0,1,2,0.027915001
0,2,4,0.027008001
0,3,8,0.027371500
1,0,8,0.027343500
1,1,4,0.027002500
1,2,2,0.027616000
1,3,1,0.027039999
2,0,1,0.027024001
2,1,2,0.027616000
2,2,4,0.026976001
2,3,8,0.027344000
3,0,8,0.027344000
3,1,4,0.026976001
3,2,2,0.027632000
3,3,1,0.027358999
4,0,1,0.027424000
4,1,2,0.027920000
4,2,4,0.027166000
4,3,8,0.027535999
5,0,8,0.027562501
5,1,4,0.027152000
5,2,2,0.027888000
5,3,1,0.027423000
6,0,1,0.027440000
6,1,2,0.027886000
6,2,4,0.027182000
6,3,8,0.027551999
7,0,8,0.027567999
7,1,4,0.027184000
7,2,2,0.027920000
7,3,1,0.027498500
8,0,1,0.027504001
8,1,2,0.027936000
8,2,4,0.027152000
8,3,8,0.027567999
9,0,8,0.027632000
9,1,4,0.027184000
9,2,2,0.027936000
9,3,1,0.027504001
10,0,1,0.027502500
10,1,2,0.027920000
10,2,4,0.027168000
10,3,8,0.027584000
