TENSOR blk.18.attn_qkv.weight input=2560 output=10240
PARITY PASS cases=168 float_comparisons=492216 original_weight_bytes=21504000
DEVICE_ALLOCATED_WITH_GRAPHS bytes=1331167232
round,order,warps_per_cta,milliseconds_per_projection
0,0,1,0.026781000
0,1,2,0.027120000
0,2,4,0.026716501
0,3,8,0.026992001
1,0,8,0.026752001
1,1,4,0.026704000
1,2,2,0.026880000
1,3,1,0.026992001
2,0,1,0.026432000
2,1,2,0.027387001
2,2,4,0.027055999
2,3,8,0.026720000
3,0,8,0.026768001
3,1,4,0.027130499
3,2,2,0.027887501
3,3,1,0.027456000
4,0,1,0.027450500
4,1,2,0.027872000
4,2,4,0.027133999
4,3,8,0.027807999
5,0,8,0.027551999
5,1,4,0.027168000
5,2,2,0.027856000
5,3,1,0.027456000
6,0,1,0.027519999
6,1,2,0.028192000
6,2,4,0.027440000
6,3,8,0.027535999
7,0,8,0.027791999
7,1,4,0.027469501
7,2,2,0.027930999
7,3,1,0.027805001
8,0,1,0.027519001
8,1,2,0.027915001
8,2,4,0.027471500
8,3,8,0.027803499
9,0,8,0.027807999
9,1,4,0.027440000
9,2,2,0.028303999
9,3,1,0.027744001
10,0,1,0.027500000
10,1,2,0.027904000
10,2,4,0.027168000
10,3,8,0.027791999
