TENSOR blk.8.attn_qkv.weight input=2560 output=10240
PARITY PASS cases=168 float_comparisons=492216 original_weight_bytes=21504000
DEVICE_ALLOCATED_WITH_GRAPHS bytes=1331167232
round,order,warps_per_cta,milliseconds_per_projection
0,0,1,0.026799999
0,1,2,0.027241999
0,2,4,0.026815999
0,3,8,0.027148999
1,0,8,0.026992001
1,1,4,0.026831999
1,2,2,0.027088000
1,3,1,0.026624000
2,0,1,0.026608000
2,1,2,0.026896000
2,2,4,0.026528001
2,3,8,0.026992001
3,0,8,0.026762500
3,1,4,0.026480000
3,2,2,0.027583500
3,3,1,0.027712001
4,0,1,0.027440000
4,1,2,0.028155999
4,2,4,0.027150501
4,3,8,0.027519999
5,0,8,0.027535999
5,1,4,0.027102999
5,2,2,0.028128000
5,3,1,0.027440000
6,0,1,0.027440000
6,1,2,0.027917000
6,2,4,0.027184000
6,3,8,0.027567999
7,0,8,0.027567999
7,1,4,0.027184000
7,2,2,0.028205000
7,3,1,0.027519999
8,0,1,0.027519999
8,1,2,0.027952000
8,2,4,0.027152000
8,3,8,0.027535001
9,0,8,0.027584000
9,1,4,0.027200000
9,2,2,0.027966000
9,3,1,0.027504001
10,0,1,0.027504001
10,1,2,0.027930999
10,2,4,0.027183000
10,3,8,0.027596001
