TENSOR blk.5.attn_qkv.weight input=2560 output=10240
PARITY PASS cases=168 float_comparisons=492216 original_weight_bytes=21504000
DEVICE_ALLOCATED_WITH_GRAPHS bytes=1331167232
round,order,warps_per_cta,milliseconds_per_projection
0,0,1,0.026432000
0,1,2,0.026896000
0,2,4,0.026480000
0,3,8,0.026752001
1,0,8,0.026750000
1,1,4,0.026511500
1,2,2,0.026944000
1,3,1,0.026432000
2,0,1,0.026448000
2,1,2,0.026960000
2,2,4,0.026539501
2,3,8,0.026784001
3,0,8,0.026796499
3,1,4,0.026528001
3,2,2,0.026944000
3,3,1,0.026416000
4,0,1,0.026480000
4,1,2,0.027341500
4,2,4,0.027200000
4,3,8,0.027551999
5,0,8,0.027567999
5,1,4,0.027184000
5,2,2,0.027965000
5,3,1,0.027648000
6,0,1,0.027567999
6,1,2,0.027967500
6,2,4,0.027198000
6,3,8,0.027551999
7,0,8,0.027616000
7,1,4,0.027408000
7,2,2,0.028239500
7,3,1,0.028224001
8,0,1,0.028208001
8,1,2,0.028235501
8,2,4,0.027424000
8,3,8,0.027760001
9,0,8,0.027807999
9,1,4,0.027434500
9,2,2,0.028271999
9,3,1,0.028192000
10,0,1,0.028287999
10,1,2,0.028285500
10,2,4,0.027472001
10,3,8,0.027840000
