TENSOR blk.28.attn_qkv.weight input=2560 output=10240
PARITY PASS cases=168 float_comparisons=492216 original_weight_bytes=21504000
DEVICE_ALLOCATED_WITH_GRAPHS bytes=1331167232
round,order,warps_per_cta,milliseconds_per_projection
0,0,1,0.026445000
0,1,2,0.026942501
0,2,4,0.026489500
0,3,8,0.026784001
1,0,8,0.026768001
1,1,4,0.026496001
1,2,2,0.026910000
1,3,1,0.026384000
2,0,1,0.026432000
2,1,2,0.027195999
2,2,4,0.026992001
2,3,8,0.027358999
3,0,8,0.027327999
3,1,4,0.026992001
3,2,2,0.027648000
3,3,1,0.027071999
4,0,1,0.027088000
4,1,2,0.027648000
4,2,4,0.026976001
4,3,8,0.027483501
5,0,8,0.027389500
5,1,4,0.027216000
5,2,2,0.027999001
5,3,1,0.027648000
6,0,1,0.027600000
6,1,2,0.027984001
6,2,4,0.027242500
6,3,8,0.027648000
7,0,8,0.027616000
7,1,4,0.027232001
7,2,2,0.027968001
7,3,1,0.027647000
8,0,1,0.027632000
8,1,2,0.027968001
8,2,4,0.027184000
8,3,8,0.027680000
9,0,8,0.027648000
9,1,4,0.027246000
9,2,2,0.028031999
9,3,1,0.027648000
10,0,1,0.027648000
10,1,2,0.028000001
10,2,4,0.027264001
10,3,8,0.027616000
