TENSOR blk.24.attn_qkv.weight input=2560 output=10240
PARITY PASS cases=168 float_comparisons=492216 original_weight_bytes=21504000
DEVICE_ALLOCATED_WITH_GRAPHS bytes=1331167232
round,order,warps_per_cta,milliseconds_per_projection
0,0,1,0.026848000
0,1,2,0.027309000
0,2,4,0.026864000
0,3,8,0.027136000
1,0,8,0.027008001
1,1,4,0.026543999
1,2,2,0.027152000
1,3,1,0.026640000
2,0,1,0.026666000
2,1,2,0.026957501
2,2,4,0.026974499
2,3,8,0.027786501
3,0,8,0.027360000
3,1,4,0.027008001
3,2,2,0.027680000
3,3,1,0.027114499
4,0,1,0.027104000
4,1,2,0.027680000
4,2,4,0.027279500
4,3,8,0.027358999
5,0,8,0.027344000
5,1,4,0.027264001
5,2,2,0.028076001
5,3,1,0.027772499
6,0,1,0.027789000
6,1,2,0.028047999
6,2,4,0.027279999
6,3,8,0.027664000
7,0,8,0.027696000
7,1,4,0.027295999
7,2,2,0.028080000
7,3,1,0.027775999
8,0,1,0.027775999
8,1,2,0.028077001
8,2,4,0.027680000
8,3,8,0.027664000
9,0,8,0.027664000
9,1,4,0.027584000
9,2,2,0.028047999
9,3,1,0.027791999
10,0,1,0.027760001
10,1,2,0.028093999
10,2,4,0.027264001
10,3,8,0.027664000
