TENSOR blk.30.attn_qkv.weight input=2560 output=10240
PARITY PASS cases=168 float_comparisons=492216 original_weight_bytes=21504000
DEVICE_ALLOCATED_WITH_GRAPHS bytes=1331167232
round,order,warps_per_cta,milliseconds_per_projection
0,0,1,0.026432000
0,1,2,0.026928000
0,2,4,0.026480000
0,3,8,0.026761999
1,0,8,0.026752001
1,1,4,0.026527001
1,2,2,0.026891500
1,3,1,0.026416000
2,0,1,0.026656000
2,1,2,0.027360000
2,2,4,0.026799999
2,3,8,0.027167501
3,0,8,0.027152000
3,1,4,0.026827499
3,2,2,0.027356001
3,3,1,0.026736001
4,0,1,0.026768001
4,1,2,0.027344000
4,2,4,0.026768001
4,3,8,0.027101999
5,0,8,0.027440000
5,1,4,0.027295999
5,2,2,0.028047999
5,3,1,0.027760001
6,0,1,0.027775999
6,1,2,0.028063999
6,2,4,0.027279999
6,3,8,0.027680000
7,0,8,0.027680000
7,1,4,0.027295999
7,2,2,0.028063999
7,3,1,0.027775999
8,0,1,0.027742000
8,1,2,0.028080000
8,2,4,0.027311999
8,3,8,0.027676500
9,0,8,0.027664000
9,1,4,0.027295999
9,2,2,0.028096000
9,3,1,0.027791500
10,0,1,0.027790500
10,1,2,0.028092001
10,2,4,0.027323000
10,3,8,0.027693000
