TENSOR blk.28.attn_qkv.weight input=2560 output=10240
PARITY PASS cases=168 float_comparisons=492216 original_weight_bytes=21504000
DEVICE_ALLOCATED_WITH_GRAPHS bytes=1331167232
round,order,warps_per_cta,milliseconds_per_projection
0,0,1,0.026431501
0,1,2,0.026896000
0,2,4,0.026477000
0,3,8,0.026752001
1,0,8,0.026736001
1,1,4,0.026509000
1,2,2,0.026880000
1,3,1,0.026480000
2,0,1,0.026496001
2,1,2,0.027024001
2,2,4,0.026528001
2,3,8,0.026815999
3,0,8,0.026831500
3,1,4,0.026575999
3,2,2,0.026992001
3,3,1,0.026512001
4,0,1,0.026512001
4,1,2,0.027008001
4,2,4,0.027104000
4,3,8,0.027504001
5,0,8,0.027518500
5,1,4,0.027120000
5,2,2,0.027856000
5,3,1,0.027438000
6,0,1,0.027451500
6,1,2,0.027872000
6,2,4,0.027104000
6,3,8,0.027551999
7,0,8,0.027488001
7,1,4,0.027148999
7,2,2,0.027872000
7,3,1,0.027440000
8,0,1,0.027440000
8,1,2,0.027888000
8,2,4,0.027164999
8,3,8,0.027519999
9,0,8,0.027504001
9,1,4,0.027136000
9,2,2,0.027899999
9,3,1,0.027440000
10,0,1,0.027456000
10,1,2,0.027884999
10,2,4,0.027148001
10,3,8,0.027519999
