TENSOR blk.25.attn_qkv.weight input=2560 output=10240
PARITY PASS cases=168 float_comparisons=492216 original_weight_bytes=21504000
DEVICE_ALLOCATED_WITH_GRAPHS bytes=1331167232
round,order,warps_per_cta,milliseconds_per_projection
0,0,1,0.026784001
0,1,2,0.027309000
0,2,4,0.026736001
0,3,8,0.026799999
1,0,8,0.026752001
1,1,4,0.026524501
1,2,2,0.026944000
1,3,1,0.026384000
2,0,1,0.026464000
2,1,2,0.026928000
2,2,4,0.026528001
2,3,8,0.027104000
3,0,8,0.027039001
3,1,4,0.026992001
3,2,2,0.027952000
3,3,1,0.027551999
4,0,1,0.027551999
4,1,2,0.027952000
4,2,4,0.027212501
4,3,8,0.027626500
5,0,8,0.027567500
5,1,4,0.027200000
5,2,2,0.027920000
5,3,1,0.027551999
6,0,1,0.027916500
6,1,2,0.028173000
6,2,4,0.027376000
6,3,8,0.027728001
7,0,8,0.027696000
7,1,4,0.027344000
7,2,2,0.028160000
7,3,1,0.028031999
8,0,1,0.028047999
8,1,2,0.028160000
8,2,4,0.027391501
8,3,8,0.027757000
9,0,8,0.027739000
9,1,4,0.027373500
9,2,2,0.028160000
9,3,1,0.028063999
10,0,1,0.028063500
10,1,2,0.028192000
10,2,4,0.027371500
10,3,8,0.027742000
