TENSOR blk.36.attn_qkv.weight input=2560 output=10240
PARITY PASS cases=168 float_comparisons=492216 original_weight_bytes=21504000
DEVICE_ALLOCATED_WITH_GRAPHS bytes=1331167232
round,order,warps_per_cta,milliseconds_per_projection
0,0,1,0.026448000
0,1,2,0.026908001
0,2,4,0.026496001
0,3,8,0.026768001
1,0,8,0.026778501
1,1,4,0.026480000
1,2,2,0.026943499
1,3,1,0.026416000
2,0,1,0.026432000
2,1,2,0.027055999
2,2,4,0.026928000
2,3,8,0.027344000
3,0,8,0.027311999
3,1,4,0.026976001
3,2,2,0.027600000
3,3,1,0.027024001
4,0,1,0.027021000
4,1,2,0.027584000
4,2,4,0.026976001
4,3,8,0.027327999
5,0,8,0.027295999
5,1,4,0.027232001
5,2,2,0.028079500
5,3,1,0.027775999
6,0,1,0.027775999
6,1,2,0.028094500
6,2,4,0.027295999
6,3,8,0.027664000
7,0,8,0.027664000
7,1,4,0.027279999
7,2,2,0.028061500
7,3,1,0.027790001
8,0,1,0.027775999
8,1,2,0.028031999
8,2,4,0.027264001
8,3,8,0.027648000
9,0,8,0.027664000
9,1,4,0.027290501
9,2,2,0.028080000
9,3,1,0.027728001
10,0,1,0.027759500
10,1,2,0.028031999
10,2,4,0.027311999
10,3,8,0.027674999
