TENSOR blk.3.attn_k.weight input=2560 output=512
PARITY PASS cases=168 float_comparisons=25272 original_weight_bytes=1075200
DEVICE_ALLOCATED_WITH_GRAPHS bytes=1308098560
round,order,rows_per_cta,milliseconds_per_projection
0,0,1,0.003279500
0,1,2,0.003840000
0,2,4,0.005136000
0,3,8,0.007407000
1,0,8,0.007408000
1,1,4,0.005120000
1,2,2,0.003792000
1,3,1,0.003215000
2,0,1,0.003232000
2,1,2,0.003824000
2,2,4,0.005104000
2,3,8,0.007408000
3,0,8,0.007408000
3,1,4,0.005136000
3,2,2,0.003803500
3,3,1,0.003200000
4,0,1,0.003232000
4,1,2,0.003792000
4,2,4,0.005136000
4,3,8,0.007418500
5,0,8,0.007408000
5,1,4,0.005120000
5,2,2,0.003840000
5,3,1,0.003245500
6,0,1,0.003199500
6,1,2,0.003835000
6,2,4,0.005136000
6,3,8,0.007408000
7,0,8,0.007408000
7,1,4,0.005136000
7,2,2,0.003840000
7,3,1,0.003246500
8,0,1,0.003231000
8,1,2,0.003792000
8,2,4,0.005136000
8,3,8,0.007408000
9,0,8,0.007408000
9,1,4,0.005100500
9,2,2,0.003851500
9,3,1,0.003232000
10,0,1,0.003232000
10,1,2,0.003824000
10,2,4,0.005136000
10,3,8,0.007406500
