TENSOR blk.0.ssm_out.weight input=6144 output=2560
PARITY PASS cases=168 float_comparisons=123576 original_weight_bytes=12902400
DEVICE_ALLOCATED_WITH_GRAPHS bytes=1322778624
round,order,rows_per_cta,milliseconds_per_projection
0,0,1,0.016944000
0,1,2,0.017808000
0,2,4,0.023647500
0,3,8,0.023196001
1,0,8,0.022992000
1,1,4,0.023808001
1,2,2,0.017648000
1,3,1,0.016730500
2,0,1,0.016508000
2,1,2,0.017628999
2,2,4,0.023647999
2,3,8,0.022976000
3,0,8,0.023135999
3,1,4,0.023644000
3,2,2,0.017472001
3,3,1,0.016688000
4,0,1,0.016511999
4,1,2,0.017664000
4,2,4,0.024143999
4,3,8,0.025392000
5,0,8,0.024080001
5,1,4,0.024736000
5,2,2,0.018154500
5,3,1,0.017055999
6,0,1,0.016976001
6,1,2,0.017888000
6,2,4,0.024432000
6,3,8,0.024496000
7,0,8,0.024304001
7,1,4,0.024688000
7,2,2,0.017936001
7,3,1,0.016974000
8,0,1,0.016719500
8,1,2,0.018031999
8,2,4,0.024720000
8,3,8,0.024656000
9,0,8,0.024639999
9,1,4,0.024752000
9,2,2,0.017999999
9,3,1,0.016799999
10,0,1,0.016799999
10,1,2,0.017999999
10,2,4,0.024704000
10,3,8,0.024367999
