TENSOR blk.31.attn_q.weight input=2560 output=12288
PARITY PASS cases=168 float_comparisons=590520 original_weight_bytes=25804800
DEVICE_ALLOCATED_WITH_GRAPHS bytes=1335361536
round,order,rows_per_cta,milliseconds_per_projection
0,0,1,0.031760000
0,1,2,0.034688000
0,2,4,0.038749501
0,3,8,0.052896000
1,0,8,0.052735999
1,1,4,0.038640000
1,2,2,0.034671500
1,3,1,0.031516500
2,0,1,0.031580999
2,1,2,0.034557499
2,2,4,0.039551999
2,3,8,0.054960001
3,0,8,0.054960001
3,1,4,0.039551001
3,2,2,0.035344001
3,3,1,0.031868499
4,0,1,0.031598501
4,1,2,0.035101999
4,2,4,0.039824001
4,3,8,0.055488002
5,0,8,0.055280000
5,1,4,0.039866999
5,2,2,0.035310000
5,3,1,0.031760000
6,0,1,0.031758498
6,1,2,0.035296001
6,2,4,0.039854001
6,3,8,0.055248000
7,0,8,0.055264000
7,1,4,0.039840002
7,2,2,0.035293501
7,3,1,0.031760000
8,0,1,0.031773999
8,1,2,0.035275999
8,2,4,0.039824001
8,3,8,0.055232000
9,0,8,0.055264000
9,1,4,0.039840002
9,2,2,0.035661500
9,3,1,0.031776000
10,0,1,0.031759501
10,1,2,0.035294499
10,2,4,0.039856002
10,3,8,0.055262499
