TENSOR blk.2.ffn_up_shexp.weight input=2560 output=640
PARITY PASS cases=168 float_comparisons=31416 original_weight_bytes=1344000
DEVICE_ALLOCATED_WITH_GRAPHS bytes=1308098560
round,order,rows_per_cta,milliseconds_per_projection
0,0,1,0.003648000
0,1,2,0.004208000
0,2,4,0.005408000
0,3,8,0.007516500
1,0,8,0.007520000
1,1,4,0.005114500
1,2,2,0.003904000
1,3,1,0.003328000
2,0,1,0.003312000
2,1,2,0.003904000
2,2,4,0.005088000
2,3,8,0.007519000
3,0,8,0.007520000
3,1,4,0.005104000
3,2,2,0.003914500
3,3,1,0.003328000
4,0,1,0.003328000
4,1,2,0.003902500
4,2,4,0.005104000
4,3,8,0.007504000
5,0,8,0.007515000
5,1,4,0.005104000
5,2,2,0.003904000
5,3,1,0.003312000
6,0,1,0.003323500
6,1,2,0.003904000
6,2,4,0.005085500
6,3,8,0.007520000
7,0,8,0.007518000
7,1,4,0.005088000
7,2,2,0.003904000
7,3,1,0.003312000
8,0,1,0.003324500
8,1,2,0.003904000
8,2,4,0.005104000
8,3,8,0.007520000
9,0,8,0.007776000
9,1,4,0.005088000
9,2,2,0.003904000
9,3,1,0.003322000
10,0,1,0.003328000
10,1,2,0.003904000
10,2,4,0.005088000
10,3,8,0.007520000
