TENSOR blk.0.attn_qkv.weight input=2560 output=10240
PARITY PASS cases=168 float_comparisons=492216 original_weight_bytes=21504000
DEVICE_ALLOCATED_WITH_GRAPHS bytes=1331167232
round,order,rows_per_cta,milliseconds_per_projection
0,0,1,0.027117999
0,1,2,0.029788500
0,2,4,0.033312000
0,3,8,0.044831999
1,0,8,0.045103502
1,1,4,0.033326998
1,2,2,0.029472001
1,3,1,0.026970500
2,0,1,0.026687499
2,1,2,0.029472001
2,2,4,0.033312000
2,3,8,0.044973999
3,0,8,0.045407500
3,1,4,0.033486001
3,2,2,0.030030500
3,3,1,0.027184000
4,0,1,0.027038001
4,1,2,0.029853500
4,2,4,0.033760000
4,3,8,0.045568001
5,0,8,0.045728002
5,1,4,0.034079999
5,2,2,0.030076999
5,3,1,0.027136000
6,0,1,0.026848000
6,1,2,0.029983500
6,2,4,0.033583999
6,3,8,0.045627002
7,0,8,0.045407001
7,1,4,0.034031998
7,2,2,0.029743999
7,3,1,0.027117500
8,0,1,0.026848000
8,1,2,0.029727001
8,2,4,0.033888001
8,3,8,0.045600001
9,0,8,0.045343999
9,1,4,0.033631999
9,2,2,0.029696001
9,3,1,0.026843000
10,0,1,0.027120000
10,1,2,0.030030999
10,2,4,0.034031998
10,3,8,0.045680001
