TENSOR blk.1.attn_gate.weight input=2560 output=6144
PARITY PASS cases=168 float_comparisons=295608 original_weight_bytes=12902400
DEVICE_ALLOCATED_WITH_GRAPHS bytes=1322778624
round,order,rows_per_cta,milliseconds_per_projection
0,0,1,0.017360000
0,1,2,0.019743999
0,2,4,0.021552000
0,3,8,0.032687999
1,0,8,0.032687999
1,1,4,0.021534000
1,2,2,0.019743999
1,3,1,0.017295999
2,0,1,0.017295999
2,1,2,0.019727999
2,2,4,0.021520000
2,3,8,0.032701500
3,0,8,0.032687999
3,1,4,0.021536000
3,2,2,0.019739499
3,3,1,0.017306000
4,0,1,0.017295999
4,1,2,0.019743999
4,2,4,0.021536000
4,3,8,0.032703999
5,0,8,0.032685500
5,1,4,0.021517500
5,2,2,0.019743999
5,3,1,0.017279999
6,0,1,0.017295999
6,1,2,0.019760000
6,2,4,0.021600001
6,3,8,0.032703999
7,0,8,0.032720000
7,1,4,0.021520000
7,2,2,0.019743999
7,3,1,0.017308500
8,0,1,0.017312000
8,1,2,0.019743999
8,2,4,0.021504000
8,3,8,0.032671999
9,0,8,0.032687999
9,1,4,0.021552000
9,2,2,0.019788001
9,3,1,0.017344000
10,0,1,0.017360000
10,1,2,0.019840000
10,2,4,0.021614000
10,3,8,0.032862999
